# Nx=20 Ny=20
-0.0904803 -0.207121 -0.169149 -0.158823 -0.14885 -0.137261 -0.126307 -0.109475 -0.103341 -0.0926302 -0.0832238 -0.0775576 -0.0671284 -0.0573916 -0.0478742 -0.0360009 -0.0286946 -0.0172693 -0.0114126 0. 
-0.0661689 -0.171157 -0.175922 -0.158814 -0.149557 -0.136733 -0.124266 -0.111436 -0.102144 -0.0927572 -0.0842051 -0.0759676 -0.0671128 -0.0578986 -0.048244 -0.036791 -0.0273378 -0.0183381 -0.0104969 -0.000290762 
-0.0346932 -0.162176 -0.183108 -0.160786 -0.14898 -0.137206 -0.12413 -0.111479 -0.100263 -0.09275 -0.0839139 -0.0747424 -0.0676951 -0.0586489 -0.0482985 -0.0373923 -0.0276646 -0.0187983 -0.00932325 0.00108259 
-0.0705044 -0.178093 -0.179927 -0.158348 -0.150409 -0.139574 -0.127205 -0.115007 -0.100891 -0.0918126 -0.0842831 -0.0757404 -0.0679625 -0.0575958 -0.0479055 -0.0375462 -0.0289067 -0.0219755 -0.0107801 0.00248922 
-0.0691186 -0.171349 -0.176815 -0.16291 -0.154314 -0.141287 -0.126703 -0.115232 -0.102735 -0.092509 -0.0839984 -0.0770612 -0.0686365 -0.0583926 -0.0497854 -0.0384814 -0.0283314 -0.022341 -0.0110384 0.00480987 
-0.0646174 -0.173112 -0.183257 -0.166514 -0.157758 -0.14528 -0.129974 -0.116859 -0.103845 -0.0929251 -0.0845596 -0.0774999 -0.0682585 -0.0587945 -0.0502551 -0.0391685 -0.0282567 -0.0208598 -0.0121937 0.000216181 
-0.046622 -0.170268 -0.1881 -0.167457 -0.157929 -0.149166 -0.134431 -0.119038 -0.103264 -0.0936169 -0.084849 -0.0771953 -0.0696262 -0.058958 -0.0485187 -0.039662 -0.030423 -0.0223596 -0.0114234 0.00284996 
-0.0678426 -0.177281 -0.185272 -0.166103 -0.15813 -0.146906 -0.133058 -0.119511 -0.104915 -0.0946977 -0.0861641 -0.0770756 -0.0696725 -0.0600453 -0.047871 -0.0396772 -0.0305402 -0.0226286 -0.0115213 0.00714675 
-0.0689143 -0.170629 -0.177915 -0.166093 -0.158385 -0.147249 -0.132629 -0.120376 -0.106817 -0.093911 -0.0856933 -0.0764722 -0.0677713 -0.0596878 -0.0491221 -0.0397779 -0.0294019 -0.0210874 -0.0137159 0.000447969 
-0.0654174 -0.169919 -0.176878 -0.161599 -0.155671 -0.146544 -0.132128 -0.119386 -0.107671 -0.0953473 -0.0865462 -0.0780032 -0.0681193 -0.0596221 -0.0495628 -0.0388049 -0.0301256 -0.0208111 -0.0116252 0.000561492 
-0.0542769 -0.167297 -0.179258 -0.161699 -0.154218 -0.145835 -0.134269 -0.119642 -0.108566 -0.096948 -0.0861227 -0.078094 -0.0681118 -0.0585393 -0.0498618 -0.0394424 -0.030695 -0.0226758 -0.0116231 0.00285302 
-0.0759356 -0.172498 -0.172602 -0.160027 -0.15356 -0.144446 -0.134949 -0.120349 -0.10765 -0.0975851 -0.0871859 -0.0788487 -0.0694248 -0.0592699 -0.0505154 -0.0395109 -0.0300725 -0.022345 -0.0110238 0.00666465 
-0.0662434 -0.16732 -0.174601 -0.16188 -0.155563 -0.146227 -0.136096 -0.122461 -0.108216 -0.0975695 -0.0872017 -0.0780066 -0.0690674 -0.0608935 -0.0515887 -0.0406993 -0.0316483 -0.0214629 -0.0126884 -0.000797301 
-0.0524929 -0.165758 -0.180911 -0.163487 -0.156507 -0.146116 -0.135059 -0.121824 -0.109858 -0.0988606 -0.0874045 -0.079499 -0.0709834 -0.0618627 -0.0515924 -0.0415983 -0.0328532 -0.0227902 -0.0107406 0.00297007 
-0.070465 -0.173331 -0.179401 -0.16287 -0.157436 -0.148427 -0.137964 -0.123649 -0.110178 -0.0979004 -0.0884818 -0.0804252 -0.0707946 -0.0616101 -0.0532602 -0.0420054 -0.0316622 -0.0239711 -0.0115595 0.00542725 
-0.0671425 -0.168651 -0.178366 -0.165225 -0.158684 -0.150683 -0.139095 -0.122919 -0.109232 -0.0978194 -0.0878606 -0.0796774 -0.0715999 -0.0624579 -0.0538247 -0.0428243 -0.0307229 -0.021879 -0.012641 0.000257105 
-0.0650795 -0.172383 -0.181958 -0.166658 -0.159553 -0.149766 -0.138491 -0.124466 -0.111992 -0.100145 -0.0880936 -0.0786312 -0.0711108 -0.0611967 -0.0510287 -0.0414211 -0.0316918 -0.0224349 -0.0102117 0.00250705 
-0.0498415 -0.168456 -0.186331 -0.169774 -0.161414 -0.151903 -0.139617 -0.125452 -0.11099 -0.0975343 -0.086727 -0.0780147 -0.0698783 -0.0602066 -0.0500499 -0.0404941 -0.0309831 -0.0217032 -0.0102514 0.00361772 
-0.0715291 -0.172011 -0.177915 -0.169737 -0.161828 -0.152989 -0.141074 -0.125798 -0.11059 -0.0972313 -0.0865138 -0.0773773 -0.068104 -0.0596469 -0.0502077 -0.0402335 -0.0299785 -0.020384 -0.0114584 0.000840982 
-0.0904803 -0.205313 -0.166882 -0.172838 -0.162648 -0.153024 -0.142016 -0.125964 -0.110136 -0.0977121 -0.0856851 -0.0772319 -0.0671728 -0.0603104 -0.0497858 -0.0402936 -0.0301815 -0.0195418 -0.012208 0. 
