# Nx=20 Ny=20
100. 94.7361 89.4722 84.2083 78.9445 73.6808 68.4172 63.1536 57.8902 52.6269 47.3638 42.1008 36.8378 31.5751 26.3124 21.0498 15.7873 10.5248 5.26239 0. 
100. 94.7362 89.4724 84.2086 78.9449 73.6813 68.4177 63.1542 57.8909 52.6276 47.3644 42.1014 36.8384 31.5756 26.3128 21.0502 15.7876 10.525 5.2625 0. 
100. 94.7363 89.4726 84.2089 78.9452 73.6817 68.4181 63.1547 57.8914 52.6281 47.365 42.1019 36.8389 31.576 26.3132 21.0505 15.7878 10.5252 5.26259 0. 
100. 94.7363 89.4727 84.2091 78.9455 73.682 68.4185 63.1551 57.8918 52.6286 47.3654 42.1023 36.8393 31.5764 26.3136 21.0508 15.788 10.5253 5.26266 0. 
100. 94.7364 89.4728 84.2093 78.9457 73.6822 68.4188 63.1554 57.8921 52.6289 47.3658 42.1027 36.8397 31.5767 26.3138 21.051 15.7882 10.5254 5.26272 0. 
100. 94.7364 89.4729 84.2094 78.9459 73.6824 68.419 63.1557 57.8924 52.6292 47.366 42.1029 36.8399 31.5769 26.314 21.0512 15.7883 10.5255 5.26276 0. 
100. 94.7365 89.473 84.2095 78.946 73.6826 68.4192 63.1559 57.8926 52.6294 47.3663 42.1032 36.8401 31.5771 26.3142 21.0513 15.7884 10.5256 5.2628 0. 
100. 94.7365 89.473 84.2096 78.9461 73.6827 68.4194 63.156 57.8928 52.6296 47.3664 42.1033 36.8403 31.5773 26.3143 21.0514 15.7885 10.5257 5.26283 0. 
100. 94.7365 89.4731 84.2096 78.9462 73.6828 68.4194 63.1561 57.8929 52.6297 47.3665 42.1034 36.8404 31.5773 26.3144 21.0515 15.7886 10.5257 5.26284 0. 
100. 94.7365 89.4731 84.2096 78.9462 73.6828 68.4195 63.1562 57.8929 52.6297 47.3666 42.1035 36.8404 31.5774 26.3144 21.0515 15.7886 10.5257 5.26285 0. 
100. 94.7365 89.4731 84.2096 78.9462 73.6828 68.4195 63.1562 57.8929 52.6297 47.3666 42.1035 36.8404 31.5774 26.3144 21.0515 15.7886 10.5257 5.26285 0. 
100. 94.7365 89.4731 84.2096 78.9462 73.6828 68.4195 63.1561 57.8929 52.6297 47.3665 42.1034 36.8403 31.5773 26.3144 21.0515 15.7886 10.5257 5.26284 0. 
100. 94.7365 89.473 84.2096 78.9461 73.6827 68.4194 63.156 57.8928 52.6296 47.3664 42.1033 36.8403 31.5773 26.3143 21.0514 15.7885 10.5257 5.26282 0. 
100. 94.7365 89.473 84.2095 78.946 73.6826 68.4192 63.1559 57.8926 52.6294 47.3663 42.1032 36.8401 31.5771 26.3142 21.0513 15.7884 10.5256 5.2628 0. 
100. 94.7364 89.4729 84.2094 78.9459 73.6825 68.4191 63.1557 57.8924 52.6292 47.366 42.1029 36.8399 31.5769 26.314 21.0512 15.7883 10.5255 5.26276 0. 
100. 94.7364 89.4728 84.2093 78.9457 73.6822 68.4188 63.1554 57.8921 52.6289 47.3658 42.1027 36.8397 31.5767 26.3138 21.051 15.7882 10.5254 5.26272 0. 
100. 94.7363 89.4727 84.2091 78.9455 73.682 68.4185 63.1551 57.8918 52.6286 47.3654 42.1023 36.8393 31.5764 26.3136 21.0508 15.788 10.5253 5.26266 0. 
100. 94.7363 89.4726 84.2089 78.9452 73.6817 68.4182 63.1547 57.8914 52.6281 47.365 42.1019 36.8389 31.576 26.3132 21.0505 15.7878 10.5252 5.26259 0. 
100. 94.7362 89.4724 84.2086 78.9449 73.6813 68.4177 63.1542 57.8909 52.6276 47.3644 42.1014 36.8384 31.5756 26.3128 21.0502 15.7876 10.525 5.2625 0. 
100. 94.7361 89.4722 84.2083 78.9445 73.6808 68.4172 63.1536 57.8902 52.6269 47.3638 42.1008 36.8378 31.5751 26.3124 21.0498 15.7873 10.5248 5.26239 0. 
