# Nx=40 Ny=40
-0.019765 -0.043911 -0.03935 -0.0388323 -0.0379819 -0.0377481 -0.0365079 -0.0354585 -0.0334578 -0.0314872 -0.0301222 -0.0283091 -0.0275011 -0.0267794 -0.0263982 -0.0257741 -0.0250275 -0.0242408 -0.023067 -0.0220165 -0.020844 -0.0196094 -0.0183349 -0.0171677 -0.0160134 -0.0146019 -0.0135418 -0.0122108 -0.0110377 -0.0100423 -0.00901681 -0.0080206 -0.00698162 -0.00597095 -0.00484754 -0.0037226 -0.0028507 -0.00158354 -0.00103982 0. 
-0.0154096 -0.0374252 -0.0397419 -0.0386279 -0.0380797 -0.0374922 -0.0365761 -0.0351378 -0.0334083 -0.0315925 -0.0300298 -0.0284978 -0.0275418 -0.0268713 -0.0263544 -0.0257336 -0.0250606 -0.0241342 -0.0230588 -0.0219722 -0.0208426 -0.0195869 -0.0183206 -0.0171803 -0.0159767 -0.0146899 -0.0134835 -0.0122417 -0.0111505 -0.0100541 -0.00901181 -0.00796878 -0.00697191 -0.00597024 -0.00484229 -0.00369705 -0.00279171 -0.00180122 -0.000939814 3.57291e-05 
-0.0150864 -0.0388296 -0.0412944 -0.0383993 -0.0379331 -0.0374254 -0.036255 -0.0347109 -0.0331033 -0.0314278 -0.0298215 -0.0285248 -0.0275939 -0.0269868 -0.0263666 -0.0257059 -0.0250437 -0.0240499 -0.0230289 -0.0219244 -0.0207369 -0.0195416 -0.0183425 -0.0171614 -0.0159637 -0.0148494 -0.0135133 -0.0122334 -0.0112514 -0.0100867 -0.00897336 -0.00794664 -0.00692501 -0.00590217 -0.0047831 -0.00370558 -0.00276408 -0.00188677 -0.000957341 0.000114819 
-0.0105535 -0.0377108 -0.0419601 -0.0386222 -0.0379073 -0.0372716 -0.0356946 -0.0341163 -0.0324591 -0.030831 -0.0294472 -0.0283098 -0.027622 -0.0270798 -0.0264079 -0.0257477 -0.0249355 -0.0239305 -0.0231069 -0.0218489 -0.0205228 -0.0195119 -0.0184779 -0.0171802 -0.0159604 -0.0149822 -0.0136101 -0.0123102 -0.0110818 -0.00990438 -0.00896732 -0.00806812 -0.00689199 -0.00571636 -0.00478038 -0.00381187 -0.00272838 -0.0016923 -0.000959619 -7.45522e-06 
-0.0141257 -0.0383814 -0.041464 -0.0383955 -0.0376828 -0.0368544 -0.0352672 -0.033855 -0.0320394 -0.0303115 -0.0292092 -0.0284336 -0.0276559 -0.0270488 -0.0265006 -0.0259422 -0.024937 -0.0237708 -0.0229859 -0.0217008 -0.0204569 -0.0194544 -0.0184402 -0.0172078 -0.0160025 -0.0149213 -0.0136867 -0.0125412 -0.0111404 -0.00982373 -0.00887774 -0.00796726 -0.00684829 -0.00571546 -0.00476904 -0.00387558 -0.00279964 -0.00176003 -0.00102699 6.43258e-05 
-0.0147068 -0.0377559 -0.0406117 -0.0383348 -0.0373721 -0.0361807 -0.0347166 -0.0333429 -0.0313459 -0.0297642 -0.0290268 -0.0283656 -0.0277436 -0.0271532 -0.0265366 -0.025876 -0.0249206 -0.0237453 -0.0227404 -0.0215735 -0.0206466 -0.0194116 -0.0181419 -0.0172568 -0.01623 -0.0149294 -0.0136226 -0.0125019 -0.0112499 -0.0100308 -0.00882893 -0.00766806 -0.00681661 -0.00596067 -0.00478579 -0.00364479 -0.00281683 -0.00196076 -0.00104348 0.000172478 
-0.0155676 -0.0390472 -0.0408005 -0.0376902 -0.0371311 -0.0359925 -0.034483 -0.0329532 -0.0311549 -0.0299398 -0.0289894 -0.0282938 -0.0278703 -0.0273889 -0.0265567 -0.0257167 -0.024943 -0.0238678 -0.0226636 -0.0214312 -0.0205178 -0.0193041 -0.0181039 -0.0171507 -0.0162269 -0.0150982 -0.013661 -0.0123446 -0.0112171 -0.0101019 -0.0088447 -0.00764649 -0.00678533 -0.00594315 -0.00478014 -0.00368928 -0.00292498 -0.00205129 -0.00105193 0.000165022 
-0.0114075 -0.037708 -0.0416899 -0.0384028 -0.0376534 -0.0365489 -0.0349197 -0.0328446 -0.0310875 -0.0302473 -0.0292016 -0.0283637 -0.0279034 -0.0274791 -0.0266408 -0.0257098 -0.0247378 -0.0236674 -0.0226361 -0.0213451 -0.0202305 -0.0192608 -0.0183335 -0.017148 -0.0159689 -0.0150926 -0.0138036 -0.0124364 -0.0110679 -0.00984887 -0.00883085 -0.00790995 -0.00677212 -0.00565831 -0.00479701 -0.00394428 -0.00296552 -0.00187854 -0.00108509 -6.28455e-05 
-0.0140736 -0.0383733 -0.0415805 -0.0387516 -0.038108 -0.0368452 -0.0353137 -0.033628 -0.0316844 -0.0304723 -0.0295168 -0.0287 -0.0280413 -0.0273568 -0.0266089 -0.0258492 -0.024762 -0.023499 -0.0226363 -0.0214445 -0.0201769 -0.0191713 -0.0183205 -0.0171174 -0.0159107 -0.0148518 -0.0137396 -0.0125722 -0.0111389 -0.00971676 -0.00875741 -0.0078753 -0.00675326 -0.00565182 -0.00481886 -0.00403277 -0.00300537 -0.00194606 -0.00113876 8.43046e-05 
-0.0148215 -0.0384352 -0.0414133 -0.0395074 -0.0387257 -0.0372686 -0.0358881 -0.0342305 -0.0320565 -0.0305546 -0.0295784 -0.0289159 -0.0282274 -0.0273092 -0.0264206 -0.0256857 -0.0246502 -0.0234753 -0.0224842 -0.0213758 -0.0204058 -0.0192103 -0.0180113 -0.0171316 -0.016065 -0.0147466 -0.0134461 -0.012379 -0.0111034 -0.00990682 -0.00872019 -0.00756298 -0.00674976 -0.00594722 -0.00486775 -0.00380518 -0.00300337 -0.00215066 -0.00114563 0.000233394 
-0.0152589 -0.0398393 -0.0421797 -0.0389769 -0.038919 -0.0379339 -0.0362211 -0.0344926 -0.0324445 -0.0309181 -0.0296852 -0.0288786 -0.0281387 -0.0273387 -0.026331 -0.0254536 -0.0246587 -0.0236353 -0.0225122 -0.0213303 -0.020412 -0.0192278 -0.0180165 -0.0170213 -0.0159962 -0.0148124 -0.0133863 -0.0121002 -0.0109695 -0.00994351 -0.00873747 -0.00757892 -0.00677596 -0.0060013 -0.0049163 -0.00388107 -0.003126 -0.00224623 -0.00117905 0.000187169 
-0.00971009 -0.0377062 -0.0426764 -0.0393016 -0.0388191 -0.0380379 -0.0360683 -0.0340236 -0.0320173 -0.0308473 -0.029705 -0.0286853 -0.0279735 -0.02728 -0.0263347 -0.0253617 -0.0244484 -0.0235456 -0.0226023 -0.0213427 -0.0201963 -0.0192346 -0.0182467 -0.0170012 -0.0157175 -0.0147616 -0.0134796 -0.0121163 -0.0108016 -0.0097325 -0.00877783 -0.00790119 -0.00683494 -0.00578976 -0.00499352 -0.00416774 -0.0031862 -0.00206287 -0.00118662 -4.87066e-06 
-0.0141897 -0.0384684 -0.041553 -0.0386473 -0.0382768 -0.0373419 -0.0357643 -0.0341309 -0.032116 -0.0306521 -0.0295455 -0.0286068 -0.0277934 -0.0270194 -0.0262283 -0.0254744 -0.0245193 -0.023433 -0.0226576 -0.0214456 -0.0201684 -0.0191291 -0.0182136 -0.0169315 -0.0156485 -0.0145436 -0.0134057 -0.012272 -0.0109596 -0.00966899 -0.00879727 -0.00797149 -0.00692169 -0.00586469 -0.00506771 -0.00429194 -0.00323832 -0.00212006 -0.00125191 8.65123e-05 
-0.0151253 -0.0378462 -0.0401395 -0.0382256 -0.0375975 -0.0364485 -0.0352838 -0.0338749 -0.031671 -0.0301195 -0.0291866 -0.0285001 -0.0278084 -0.0269654 -0.0260875 -0.0254008 -0.0245045 -0.023447 -0.0224811 -0.0213633 -0.0203596 -0.0191188 -0.0178526 -0.01693 -0.015864 -0.0145477 -0.013238 -0.0122267 -0.0110985 -0.00996634 -0.00883482 -0.00775133 -0.00698746 -0.0061939 -0.00511812 -0.00404826 -0.00318355 -0.00226329 -0.00121481 0.00023239 
-0.015342 -0.038989 -0.0406741 -0.0375972 -0.037256 -0.0363701 -0.0351108 -0.033554 -0.0315701 -0.0302321 -0.0291439 -0.0283478 -0.0277607 -0.0270408 -0.0260753 -0.0252466 -0.0245501 -0.0235629 -0.0224143 -0.0212212 -0.0202906 -0.0190448 -0.017813 -0.0168104 -0.0158701 -0.014706 -0.0133214 -0.0121261 -0.011124 -0.0101116 -0.00893941 -0.00780401 -0.00702275 -0.00621689 -0.0050945 -0.00402883 -0.00320835 -0.00228422 -0.00120229 0.000174795 
-0.0103407 -0.0371499 -0.0414528 -0.0381871 -0.037636 -0.0367355 -0.0353108 -0.0332735 -0.0313901 -0.0304321 -0.0292614 -0.028252 -0.0276584 -0.0270727 -0.0261938 -0.0252594 -0.0243515 -0.0234059 -0.0224355 -0.021181 -0.0200466 -0.0190418 -0.0180741 -0.0168442 -0.0156387 -0.0147537 -0.0135537 -0.0122868 -0.011031 -0.00992845 -0.00899224 -0.00810342 -0.00701759 -0.00591754 -0.00507726 -0.0042148 -0.0031752 -0.00202765 -0.00114027 -2.46176e-06 
-0.0141713 -0.0383561 -0.0414069 -0.0385138 -0.0380131 -0.0369055 -0.0354967 -0.0338546 -0.0318851 -0.030601 -0.029487 -0.0285443 -0.0277395 -0.0269675 -0.0261999 -0.0254239 -0.0243926 -0.0232259 -0.022428 -0.0212617 -0.0199988 -0.0189759 -0.0181014 -0.01688 -0.0156414 -0.0146009 -0.0135705 -0.0124869 -0.01117 -0.00987344 -0.00898284 -0.00810176 -0.00699356 -0.00589899 -0.00503612 -0.00421685 -0.00311848 -0.00200722 -0.00117968 7.50665e-05 
-0.0149959 -0.0386215 -0.0412198 -0.0392308 -0.0386166 -0.037317 -0.0359702 -0.0343678 -0.0321516 -0.0305683 -0.0294789 -0.0287498 -0.027983 -0.0270066 -0.0260844 -0.0253369 -0.0243251 -0.0231947 -0.0222279 -0.021159 -0.0202074 -0.0190139 -0.0178068 -0.0169254 -0.0158461 -0.0145615 -0.0133544 -0.0123547 -0.0111883 -0.0100911 -0.00894485 -0.0078053 -0.00697033 -0.00615914 -0.00502739 -0.00390562 -0.00304522 -0.00215929 -0.00115132 0.000243444 
-0.015059 -0.0399955 -0.0423235 -0.0389568 -0.038934 -0.0380143 -0.0363122 -0.0345953 -0.0325174 -0.0309365 -0.0296161 -0.0287422 -0.0279816 -0.0271396 -0.0260909 -0.0251769 -0.0243819 -0.0233428 -0.0222382 -0.0210746 -0.0201785 -0.0189965 -0.0177874 -0.0168067 -0.0157861 -0.0146454 -0.0133106 -0.0121003 -0.0110493 -0.0100712 -0.00889502 -0.00776619 -0.00695126 -0.00614751 -0.00501196 -0.00392686 -0.00313596 -0.00223567 -0.00118043 0.00017333 
-0.00911204 -0.0376928 -0.0429952 -0.0395594 -0.039024 -0.0382115 -0.0362127 -0.034149 -0.032109 -0.0308971 -0.0296776 -0.0285996 -0.0278725 -0.0271667 -0.0261806 -0.0251607 -0.0241939 -0.0232479 -0.0223041 -0.021048 -0.0199086 -0.0189521 -0.017973 -0.0167412 -0.0154721 -0.0145561 -0.0133316 -0.0120653 -0.0108284 -0.00979414 -0.00886176 -0.00801567 -0.00695042 -0.00588376 -0.00504114 -0.00418709 -0.00317389 -0.00203235 -0.00116156 -6.69939e-07 
-0.0141266 -0.0386981 -0.0419007 -0.0389775 -0.0385146 -0.0375531 -0.0359576 -0.034302 -0.0322252 -0.030718 -0.0295649 -0.0286021 -0.0277679 -0.0269685 -0.0261509 -0.0253467 -0.0243128 -0.0231571 -0.0223528 -0.0211157 -0.0198321 -0.0187909 -0.0178708 -0.0165867 -0.0153352 -0.0142721 -0.0131698 -0.0121024 -0.0108723 -0.00964951 -0.00879706 -0.00800352 -0.00695764 -0.00589608 -0.0050772 -0.00428275 -0.0032034 -0.00207931 -0.00123088 8.13035e-05 
-0.0151893 -0.0380359 -0.0403519 -0.0384488 -0.0378242 -0.0366293 -0.0354636 -0.0340209 -0.0317754 -0.0302021 -0.0292357 -0.0285479 -0.0278407 -0.026971 -0.0260637 -0.025314 -0.0243428 -0.0232025 -0.0221716 -0.0209958 -0.0199777 -0.0187221 -0.0174417 -0.0164923 -0.0154552 -0.014171 -0.0129036 -0.01195 -0.0108735 -0.00983164 -0.00876585 -0.00771926 -0.00695511 -0.00618299 -0.00510233 -0.00402145 -0.00315371 -0.00223907 -0.00119425 0.000259998 
-0.0152788 -0.0389592 -0.0407451 -0.0377248 -0.0373669 -0.0364793 -0.0352077 -0.0336183 -0.0316125 -0.0302795 -0.0291874 -0.0283984 -0.0278141 -0.0270845 -0.0260761 -0.0251721 -0.0244108 -0.0233267 -0.0220801 -0.0208198 -0.019848 -0.0185661 -0.0173198 -0.0162909 -0.0153493 -0.0142076 -0.0128918 -0.0117599 -0.010802 -0.00987818 -0.00877743 -0.00770129 -0.0069414 -0.00616384 -0.00505718 -0.00399965 -0.00319717 -0.00228296 -0.00120959 0.000177263 
-0.0106974 -0.0371737 -0.0413292 -0.0381249 -0.0376209 -0.0367094 -0.0352388 -0.0331787 -0.0312774 -0.030318 -0.0292042 -0.02825 -0.027709 -0.0271219 -0.0261917 -0.0251925 -0.0241991 -0.0231343 -0.0220752 -0.0207458 -0.0195578 -0.0185064 -0.017533 -0.0162911 -0.0150836 -0.0141856 -0.0130468 -0.0118417 -0.010655 -0.00965855 -0.00877758 -0.00795181 -0.00690657 -0.00584519 -0.00501897 -0.00417573 -0.00317237 -0.00204777 -0.0011511 2.20899e-05 
-0.014202 -0.0382017 -0.0412551 -0.0383965 -0.0378915 -0.0367449 -0.0352603 -0.0336171 -0.0316076 -0.0302966 -0.0292431 -0.0283877 -0.0276902 -0.0269853 -0.0261962 -0.0253691 -0.024223 -0.0229129 -0.0220311 -0.0207924 -0.0194643 -0.0183955 -0.0175216 -0.0162954 -0.0150526 -0.0140367 -0.0130544 -0.0120221 -0.0107829 -0.00957393 -0.00873672 -0.00791836 -0.00685359 -0.00579325 -0.00495831 -0.0041764 -0.00311799 -0.00203988 -0.00120711 8.55229e-05 
-0.0150428 -0.038571 -0.0411208 -0.0390516 -0.0384148 -0.0370699 -0.0356001 -0.0339683 -0.0316838 -0.0300653 -0.0290631 -0.0284153 -0.0277696 -0.0269352 -0.0260727 -0.0252613 -0.0241256 -0.0228556 -0.0217999 -0.0206462 -0.0196521 -0.0184542 -0.0172531 -0.0163969 -0.0153306 -0.0141 -0.0129368 -0.0119806 -0.0108829 -0.0098119 -0.00871417 -0.00763349 -0.00683153 -0.00603792 -0.00494514 -0.00386984 -0.00304627 -0.00219292 -0.00118272 0.000238978 
-0.0149783 -0.039923 -0.0422596 -0.0388569 -0.0387946 -0.037792 -0.0359939 -0.0341531 -0.0319577 -0.0303205 -0.0290247 -0.0282383 -0.027635 -0.0269552 -0.0259965 -0.0250737 -0.0241802 -0.0230249 -0.0218256 -0.0205629 -0.0196733 -0.0185442 -0.0173658 -0.0164475 -0.0154543 -0.0143424 -0.0130194 -0.0118509 -0.0108616 -0.0098908 -0.0087574 -0.00765112 -0.00684871 -0.00604937 -0.00494309 -0.00388693 -0.00312939 -0.00225722 -0.00118785 0.000189452 
-0.00934105 -0.0377557 -0.0429796 -0.0396283 -0.0391149 -0.0382306 -0.0361656 -0.0338793 -0.0316474 -0.0303342 -0.0290133 -0.0279947 -0.0274354 -0.0268746 -0.0259947 -0.0250024 -0.0239844 -0.022926 -0.0218948 -0.0205919 -0.0194995 -0.0186103 -0.0176613 -0.0164836 -0.0152458 -0.0143872 -0.0131822 -0.0119422 -0.0107429 -0.00970301 -0.0088007 -0.0079546 -0.00687945 -0.0058061 -0.00497885 -0.00414203 -0.00316189 -0.00206093 -0.00119436 -2.50117e-05 
-0.0140837 -0.0386998 -0.0420413 -0.0392339 -0.0387882 -0.0378182 -0.0362024 -0.0343363 -0.0319713 -0.0302948 -0.0289819 -0.0280213 -0.0272718 -0.0265996 -0.0259019 -0.0251613 -0.024089 -0.0228379 -0.0219867 -0.0207468 -0.0195019 -0.0185554 -0.017697 -0.0164683 -0.0152464 -0.0141985 -0.013112 -0.0120627 -0.0108511 -0.00964127 -0.00880561 -0.00799311 -0.00692817 -0.00584926 -0.00502189 -0.00423288 -0.00319669 -0.00212524 -0.00126641 9.35833e-05 
-0.0151837 -0.0381524 -0.0405394 -0.0388109 -0.0383259 -0.0371499 -0.0360213 -0.0343894 -0.0317697 -0.029919 -0.028772 -0.0280242 -0.0273785 -0.0266104 -0.0258007 -0.0250971 -0.0241023 -0.0228899 -0.0218373 -0.0206677 -0.0196905 -0.0185323 -0.0173541 -0.0164393 -0.0154014 -0.014093 -0.0128336 -0.0119066 -0.0108624 -0.00985848 -0.0088006 -0.00773696 -0.00695163 -0.00615019 -0.00506403 -0.00399835 -0.0031843 -0.00231774 -0.00123102 0.00031245 
-0.0153212 -0.039143 -0.0409655 -0.0380473 -0.0379404 -0.0372324 -0.0359435 -0.0342227 -0.0318833 -0.0302345 -0.0289175 -0.0280417 -0.0274525 -0.0268 -0.0258227 -0.0249194 -0.0241511 -0.0230334 -0.0217538 -0.0205054 -0.0195582 -0.0183614 -0.0172036 -0.0162018 -0.0152265 -0.0140667 -0.0127692 -0.0116964 -0.0107704 -0.00989434 -0.00880676 -0.00772845 -0.00693639 -0.00614756 -0.00505423 -0.00402392 -0.0032715 -0.00237656 -0.00125657 0.000210623 
-0.009994 -0.0370538 -0.0413976 -0.0381952 -0.0378765 -0.0372597 -0.0358325 -0.0337595 -0.0316227 -0.0304584 -0.0291339 -0.028046 -0.0274741 -0.0269177 -0.0259819 -0.0249655 -0.0239384 -0.0228208 -0.0217319 -0.020397 -0.0192289 -0.0182359 -0.0173223 -0.0161025 -0.0148765 -0.0139518 -0.0128421 -0.0117098 -0.0106099 -0.0096751 -0.00881476 -0.00798907 -0.00692292 -0.00585781 -0.00504898 -0.00423559 -0.0032841 -0.00218784 -0.00126754 -7.63749e-05 
-0.0142845 -0.0383245 -0.0411958 -0.038139 -0.0379466 -0.037219 -0.0358681 -0.0342109 -0.0320933 -0.0305692 -0.0293505 -0.0284036 -0.0276343 -0.0268724 -0.0260586 -0.0251964 -0.0239636 -0.0225725 -0.0216423 -0.0203732 -0.0190602 -0.0180259 -0.0171894 -0.0159567 -0.0147238 -0.013728 -0.0127703 -0.0118221 -0.010711 -0.0095961 -0.00878393 -0.00797268 -0.00690196 -0.0058342 -0.00503172 -0.0042879 -0.00329954 -0.00220849 -0.00124076 0.000138671 
-0.0146728 -0.0378451 -0.0407722 -0.0388533 -0.0384885 -0.0375704 -0.0361582 -0.0345802 -0.0323253 -0.0305544 -0.0293071 -0.0285893 -0.0278568 -0.0269337 -0.0259877 -0.0251154 -0.0238967 -0.0225257 -0.0214059 -0.0201813 -0.0191821 -0.0179826 -0.0168118 -0.0159238 -0.0149224 -0.013777 -0.0126282 -0.0117686 -0.0108038 -0.00982055 -0.00877784 -0.00768646 -0.00687934 -0.00608597 -0.00502611 -0.00404509 -0.00326462 -0.00239176 -0.00134934 2.87463e-05 
-0.0153742 -0.0388882 -0.0413745 -0.0391179 -0.0391404 -0.0383301 -0.0366312 -0.0347955 -0.0324382 -0.0308726 -0.029406 -0.0284662 -0.0278057 -0.0270314 -0.0259822 -0.0249679 -0.0240022 -0.0227584 -0.0214749 -0.0201294 -0.0191322 -0.0179635 -0.0167286 -0.0158775 -0.0150667 -0.0139875 -0.012746 -0.0116459 -0.0107756 -0.0099559 -0.00884838 -0.00771645 -0.00686334 -0.00604159 -0.00497689 -0.00401799 -0.00340499 -0.00245869 -0.00124505 0.000242377 
-0.0128327 -0.0379375 -0.0425154 -0.0398924 -0.0395674 -0.0387475 -0.0369624 -0.0347125 -0.0322992 -0.0306879 -0.029291 -0.0282315 -0.0276498 -0.0269439 -0.0260233 -0.0249396 -0.0238526 -0.0226331 -0.0215763 -0.0201385 -0.0189634 -0.0180115 -0.0169053 -0.0159156 -0.0149948 -0.0140671 -0.0129729 -0.0117956 -0.0107382 -0.00987426 -0.00886825 -0.00803671 -0.00686618 -0.00573709 -0.00498012 -0.00412339 -0.00329687 -0.00228299 -0.00134856 -0.000105253 
-0.0139559 -0.0367312 -0.0416737 -0.0409081 -0.0398692 -0.0384386 -0.0369332 -0.0345854 -0.0321671 -0.0305113 -0.0291049 -0.0280581 -0.0272376 -0.0265214 -0.0258791 -0.0250812 -0.023888 -0.0225461 -0.0217823 -0.0204703 -0.0189706 -0.0180976 -0.0172014 -0.0159955 -0.0148611 -0.0139741 -0.0129818 -0.0119273 -0.0108567 -0.00969744 -0.00876985 -0.00811023 -0.00687249 -0.00566716 -0.00505823 -0.00423546 -0.00327564 -0.00237377 -0.00140145 7.8586e-05 
-0.0177145 -0.0367149 -0.0404156 -0.0408803 -0.0406593 -0.0392602 -0.0378383 -0.0352543 -0.0323114 -0.029942 -0.0284938 -0.0277678 -0.0271319 -0.0264466 -0.0258128 -0.0249998 -0.0238231 -0.0226274 -0.0218377 -0.0205353 -0.0190797 -0.0180445 -0.0170861 -0.0161419 -0.0151251 -0.0140974 -0.0129581 -0.0118573 -0.0107511 -0.00982062 -0.00892323 -0.00816094 -0.00690787 -0.00567932 -0.00493741 -0.00410743 -0.00336352 -0.00257276 -0.00134601 0.000402817 
-0.0177296 -0.0361462 -0.0392454 -0.0412064 -0.0408662 -0.0396129 -0.0376713 -0.0348905 -0.0322822 -0.0300254 -0.0283906 -0.0275934 -0.0269572 -0.0263764 -0.0256992 -0.0248191 -0.0237883 -0.0228404 -0.0216725 -0.020599 -0.0193717 -0.0181568 -0.0170994 -0.0161753 -0.0152094 -0.0141357 -0.0128991 -0.0116116 -0.0106103 -0.00979303 -0.00897702 -0.00802216 -0.00692539 -0.00582853 -0.00493215 -0.00414237 -0.00344182 -0.00262636 -0.00139752 0.000218912 
-0.019765 -0.0429177 -0.0370957 -0.0417085 -0.0416833 -0.039643 -0.0377879 -0.0341425 -0.0325411 -0.0302248 -0.0280603 -0.0275069 -0.0268918 -0.0263559 -0.0257985 -0.0246466 -0.0237959 -0.0231961 -0.0213664 -0.0205493 -0.0197224 -0.0180969 -0.0170348 -0.0162308 -0.0151888 -0.0142302 -0.0128456 -0.0114568 -0.0105917 -0.009762 -0.00904634 -0.00790674 -0.00693788 -0.00591962 -0.00487158 -0.0041967 -0.00343431 -0.00269574 -0.00159829 0. 
