# Nx=40 Ny=40
0.519623 0.308524 0.127118 0.049903 0.019398 0.00751077 0.00290057 0.00111788 0.000430119 0.000165269 6.34328e-05 2.43244e-05 9.32073e-06 3.56941e-06 1.36624e-06 5.22743e-07 1.99943e-07 7.64558e-08 2.92295e-08 1.11727e-08 4.27006e-09 1.63178e-09 6.23517e-10 2.38234e-10 9.10192e-11 3.4773e-11 1.32842e-11 5.07473e-12 1.93857e-12 7.40526e-13 2.82874e-13 1.08054e-13 4.12743e-14 1.57655e-14 6.02114e-15 2.29779e-15 8.72868e-16 3.2293e-16 1.02036e-16 0. 
0.519623 0.308524 0.127118 0.049903 0.019398 0.00751077 0.00290057 0.00111788 0.000430119 0.000165269 6.34328e-05 2.43244e-05 9.32073e-06 3.56941e-06 1.36624e-06 5.22743e-07 1.99943e-07 7.64558e-08 2.92295e-08 1.11727e-08 4.27006e-09 1.63178e-09 6.23517e-10 2.38234e-10 9.10192e-11 3.4773e-11 1.32842e-11 5.07473e-12 1.93857e-12 7.40526e-13 2.82874e-13 1.08054e-13 4.12743e-14 1.57655e-14 6.02114e-15 2.29779e-15 8.72868e-16 3.2293e-16 1.02036e-16 0. 
0.519623 0.278832 0.115869 0.0466446 0.0185495 0.0073163 0.00286748 0.00111823 0.00043433 0.000168155 6.49343e-05 2.50224e-05 9.62609e-06 3.69808e-06 1.41913e-06 5.44097e-07 2.08457e-07 7.98185e-08 3.05481e-08 1.16868e-08 4.46968e-09 1.70902e-09 6.53326e-10 2.49714e-10 9.5433e-11 3.64677e-11 1.39342e-11 5.32385e-12 2.03398e-12 7.77046e-13 2.96847e-13 1.13398e-13 4.33181e-14 1.65472e-14 6.32057e-15 2.41361e-15 9.19797e-16 3.45218e-16 1.1504e-16 0. 
0.519623 0.213682 0.0878742 0.0358596 0.0145054 0.00581831 0.00231612 0.000915873 0.000360099 0.000140894 5.49005e-05 2.13188e-05 8.25457e-06 3.18847e-06 1.22915e-06 4.7305e-07 1.81809e-07 6.97968e-08 2.67702e-08 1.02597e-08 3.92961e-09 1.50432e-09 5.75636e-10 2.20195e-10 8.42069e-11 3.2195e-11 1.23069e-11 4.70377e-12 1.79759e-12 6.86896e-13 2.62457e-13 1.00276e-13 3.83101e-14 1.46356e-14 5.59098e-15 2.1355e-15 8.14736e-16 3.07741e-16 1.05695e-16 0. 
0.519623 0.214834 0.0671366 0.0204802 0.00625978 0.00192065 0.000591306 0.000182551 5.64825e-05 1.75054e-05 5.43194e-06 1.6869e-06 5.24112e-07 1.62866e-07 5.06063e-08 1.57201e-08 4.88104e-09 1.51467e-09 4.69702e-10 1.45544e-10 4.50611e-11 1.39388e-11 4.30777e-12 1.33006e-12 4.10276e-13 1.26434e-13 3.89257e-14 1.19728e-14 3.67911e-15 1.1295e-15 3.46443e-16 1.06166e-16 3.25055e-17 9.94362e-18 3.03887e-18 9.27111e-19 2.809e-19 8.19143e-20 1.92336e-20 0. 
0.519623 0.272578 0.101376 0.0355579 0.0121628 0.00409043 0.00135805 0.000446305 0.00014546 4.7083e-05 1.51514e-05 4.85134e-06 1.54659e-06 4.91156e-07 1.55444e-07 4.90441e-08 1.54307e-08 4.84257e-09 1.51616e-09 4.73666e-10 1.4768e-10 4.59572e-11 1.42764e-11 4.42754e-12 1.37097e-12 4.23884e-13 1.30875e-13 4.03542e-14 1.24271e-14 3.82227e-15 1.17428e-15 3.60363e-16 1.10471e-16 3.38308e-17 1.03497e-17 3.16186e-18 9.61795e-19 2.85235e-19 7.14485e-20 0. 
0.519623 0.271261 0.10803 0.0410518 0.0151784 0.0054889 0.00194798 0.000680325 0.000234346 7.9765e-05 2.68686e-05 8.96825e-06 2.96934e-06 9.76087e-07 3.18805e-07 1.03526e-07 3.34428e-08 1.07522e-08 3.44199e-09 1.0975e-09 3.48675e-10 1.10403e-10 3.48497e-11 1.0969e-11 3.44335e-12 1.07823e-12 3.36851e-13 1.05007e-13 3.26675e-14 1.01434e-14 3.14387e-15 9.72771e-16 3.0051e-16 9.2693e-17 2.85497e-17 8.7799e-18 2.69233e-18 8.13256e-19 2.17635e-19 0. 
0.519623 0.211845 0.085434 0.0337813 0.0130786 0.0049609 0.00184627 0.000675289 0.000243155 8.63307e-05 3.02665e-05 1.04913e-05 3.59969e-06 1.22376e-06 4.12579e-07 1.38047e-07 4.58727e-08 1.51477e-08 4.97314e-09 1.6241e-09 5.27804e-10 1.70755e-10 5.50123e-11 1.76547e-11 5.64542e-12 1.79916e-12 5.71584e-13 1.81056e-13 5.71938e-14 1.80202e-14 5.66387e-15 1.77611e-15 5.5576e-16 1.73546e-16 5.40879e-17 1.68254e-17 5.22163e-18 1.60683e-18 4.56115e-19 0. 
0.519623 0.214834 0.0671366 0.0204802 0.00625978 0.00192065 0.000591306 0.000182551 5.64825e-05 1.75054e-05 5.43194e-06 1.6869e-06 5.24112e-07 1.62866e-07 5.06063e-08 1.57201e-08 4.88104e-09 1.51467e-09 4.69702e-10 1.45544e-10 4.50611e-11 1.39388e-11 4.30777e-12 1.33006e-12 4.10276e-13 1.26434e-13 3.89257e-14 1.19728e-14 3.67911e-15 1.1295e-15 3.46443e-16 1.06166e-16 3.25055e-17 9.94362e-18 3.03887e-18 9.27111e-19 2.809e-19 8.19143e-20 1.92336e-20 0. 
0.519623 0.272578 0.101376 0.0355579 0.0121628 0.00409043 0.00135805 0.000446305 0.00014546 4.7083e-05 1.51514e-05 4.85134e-06 1.54659e-06 4.91156e-07 1.55444e-07 4.90441e-08 1.54307e-08 4.84257e-09 1.51616e-09 4.73666e-10 1.4768e-10 4.59572e-11 1.42764e-11 4.42754e-12 1.37097e-12 4.23884e-13 1.30875e-13 4.03542e-14 1.24271e-14 3.82227e-15 1.17428e-15 3.60363e-16 1.10471e-16 3.38308e-17 1.03497e-17 3.16186e-18 9.61795e-19 2.85235e-19 7.14485e-20 0. 
0.519623 0.271261 0.10803 0.0410518 0.0151784 0.0054889 0.00194798 0.000680325 0.000234346 7.9765e-05 2.68686e-05 8.96825e-06 2.96934e-06 9.76087e-07 3.18805e-07 1.03526e-07 3.34428e-08 1.07522e-08 3.44199e-09 1.0975e-09 3.48675e-10 1.10403e-10 3.48497e-11 1.0969e-11 3.44335e-12 1.07823e-12 3.36851e-13 1.05007e-13 3.26675e-14 1.01434e-14 3.14387e-15 9.72771e-16 3.0051e-16 9.2693e-17 2.85497e-17 8.7799e-18 2.69233e-18 8.13256e-19 2.17635e-19 0. 
0.519623 0.211845 0.085434 0.0337813 0.0130786 0.0049609 0.00184627 0.000675289 0.000243155 8.63307e-05 3.02665e-05 1.04913e-05 3.59969e-06 1.22376e-06 4.12579e-07 1.38047e-07 4.58727e-08 1.51477e-08 4.97314e-09 1.6241e-09 5.27804e-10 1.70755e-10 5.50123e-11 1.76547e-11 5.64542e-12 1.79916e-12 5.71584e-13 1.81056e-13 5.71938e-14 1.80202e-14 5.66387e-15 1.77611e-15 5.5576e-16 1.73546e-16 5.40879e-17 1.68254e-17 5.22163e-18 1.60683e-18 4.56115e-19 0. 
0.519623 0.214834 0.0671366 0.0204802 0.00625978 0.00192065 0.000591306 0.000182551 5.64825e-05 1.75054e-05 5.43194e-06 1.6869e-06 5.24112e-07 1.62866e-07 5.06063e-08 1.57201e-08 4.88104e-09 1.51467e-09 4.69702e-10 1.45544e-10 4.50611e-11 1.39388e-11 4.30777e-12 1.33006e-12 4.10276e-13 1.26434e-13 3.89257e-14 1.19728e-14 3.67911e-15 1.1295e-15 3.46443e-16 1.06166e-16 3.25055e-17 9.94362e-18 3.03887e-18 9.27111e-19 2.809e-19 8.19143e-20 1.92336e-20 0. 
0.519623 0.272578 0.101376 0.0355579 0.0121628 0.00409043 0.00135805 0.000446305 0.00014546 4.7083e-05 1.51514e-05 4.85134e-06 1.54659e-06 4.91156e-07 1.55444e-07 4.90441e-08 1.54307e-08 4.84257e-09 1.51616e-09 4.73666e-10 1.4768e-10 4.59572e-11 1.42764e-11 4.42754e-12 1.37097e-12 4.23884e-13 1.30875e-13 4.03542e-14 1.24271e-14 3.82227e-15 1.17428e-15 3.60363e-16 1.10471e-16 3.38308e-17 1.03497e-17 3.16186e-18 9.61795e-19 2.85235e-19 7.14485e-20 0. 
0.519623 0.271261 0.10803 0.0410518 0.0151784 0.0054889 0.00194798 0.000680325 0.000234346 7.9765e-05 2.68686e-05 8.96825e-06 2.96934e-06 9.76087e-07 3.18805e-07 1.03526e-07 3.34428e-08 1.07522e-08 3.44199e-09 1.0975e-09 3.48675e-10 1.10403e-10 3.48497e-11 1.0969e-11 3.44335e-12 1.07823e-12 3.36851e-13 1.05007e-13 3.26675e-14 1.01434e-14 3.14387e-15 9.72771e-16 3.0051e-16 9.2693e-17 2.85497e-17 8.7799e-18 2.69233e-18 8.13256e-19 2.17635e-19 0. 
0.519623 0.211845 0.085434 0.0337813 0.0130786 0.0049609 0.00184627 0.000675289 0.000243155 8.63307e-05 3.02665e-05 1.04913e-05 3.59969e-06 1.22376e-06 4.12579e-07 1.38047e-07 4.58727e-08 1.51477e-08 4.97314e-09 1.6241e-09 5.27804e-10 1.70755e-10 5.50123e-11 1.76547e-11 5.64542e-12 1.79916e-12 5.71584e-13 1.81056e-13 5.71938e-14 1.80202e-14 5.66387e-15 1.77611e-15 5.5576e-16 1.73546e-16 5.40879e-17 1.68254e-17 5.22163e-18 1.60683e-18 4.56115e-19 0. 
0.519623 0.214834 0.0671366 0.0204802 0.00625978 0.00192065 0.000591306 0.000182551 5.64825e-05 1.75054e-05 5.43194e-06 1.6869e-06 5.24112e-07 1.62866e-07 5.06063e-08 1.57201e-08 4.88104e-09 1.51467e-09 4.69702e-10 1.45544e-10 4.50611e-11 1.39388e-11 4.30777e-12 1.33006e-12 4.10276e-13 1.26434e-13 3.89257e-14 1.19728e-14 3.67911e-15 1.1295e-15 3.46443e-16 1.06166e-16 3.25055e-17 9.94362e-18 3.03887e-18 9.27111e-19 2.809e-19 8.19143e-20 1.92336e-20 0. 
0.519623 0.272578 0.101376 0.0355579 0.0121628 0.00409043 0.00135805 0.000446305 0.00014546 4.7083e-05 1.51514e-05 4.85134e-06 1.54659e-06 4.91156e-07 1.55444e-07 4.90441e-08 1.54307e-08 4.84257e-09 1.51616e-09 4.73666e-10 1.4768e-10 4.59572e-11 1.42764e-11 4.42754e-12 1.37097e-12 4.23884e-13 1.30875e-13 4.03542e-14 1.24271e-14 3.82227e-15 1.17428e-15 3.60363e-16 1.10471e-16 3.38308e-17 1.03497e-17 3.16186e-18 9.61795e-19 2.85235e-19 7.14485e-20 0. 
0.519623 0.271261 0.10803 0.0410518 0.0151784 0.0054889 0.00194798 0.000680325 0.000234346 7.9765e-05 2.68686e-05 8.96825e-06 2.96934e-06 9.76087e-07 3.18805e-07 1.03526e-07 3.34428e-08 1.07522e-08 3.44199e-09 1.0975e-09 3.48675e-10 1.10403e-10 3.48497e-11 1.0969e-11 3.44335e-12 1.07823e-12 3.36851e-13 1.05007e-13 3.26675e-14 1.01434e-14 3.14387e-15 9.72771e-16 3.0051e-16 9.2693e-17 2.85497e-17 8.7799e-18 2.69233e-18 8.13256e-19 2.17635e-19 0. 
0.519623 0.211845 0.085434 0.0337813 0.0130786 0.0049609 0.00184627 0.000675289 0.000243155 8.63307e-05 3.02665e-05 1.04913e-05 3.59969e-06 1.22376e-06 4.12579e-07 1.38047e-07 4.58727e-08 1.51477e-08 4.97314e-09 1.6241e-09 5.27804e-10 1.70755e-10 5.50123e-11 1.76547e-11 5.64542e-12 1.79916e-12 5.71584e-13 1.81056e-13 5.71938e-14 1.80202e-14 5.66387e-15 1.77611e-15 5.5576e-16 1.73546e-16 5.40879e-17 1.68254e-17 5.22163e-18 1.60683e-18 4.56115e-19 0. 
0.519623 0.214834 0.0671366 0.0204802 0.00625978 0.00192065 0.000591306 0.000182551 5.64825e-05 1.75054e-05 5.43194e-06 1.6869e-06 5.24112e-07 1.62866e-07 5.06063e-08 1.57201e-08 4.88104e-09 1.51467e-09 4.69702e-10 1.45544e-10 4.50611e-11 1.39388e-11 4.30777e-12 1.33006e-12 4.10276e-13 1.26434e-13 3.89257e-14 1.19728e-14 3.67911e-15 1.1295e-15 3.46443e-16 1.06166e-16 3.25055e-17 9.94362e-18 3.03887e-18 9.27111e-19 2.809e-19 8.19143e-20 1.92336e-20 0. 
0.519623 0.272578 0.101376 0.0355579 0.0121628 0.00409043 0.00135805 0.000446305 0.00014546 4.7083e-05 1.51514e-05 4.85134e-06 1.54659e-06 4.91156e-07 1.55444e-07 4.90441e-08 1.54307e-08 4.84257e-09 1.51616e-09 4.73666e-10 1.4768e-10 4.59572e-11 1.42764e-11 4.42754e-12 1.37097e-12 4.23884e-13 1.30875e-13 4.03542e-14 1.24271e-14 3.82227e-15 1.17428e-15 3.60363e-16 1.10471e-16 3.38308e-17 1.03497e-17 3.16186e-18 9.61795e-19 2.85235e-19 7.14485e-20 0. 
0.519623 0.271261 0.10803 0.0410518 0.0151784 0.0054889 0.00194798 0.000680325 0.000234346 7.9765e-05 2.68686e-05 8.96825e-06 2.96934e-06 9.76087e-07 3.18805e-07 1.03526e-07 3.34428e-08 1.07522e-08 3.44199e-09 1.0975e-09 3.48675e-10 1.10403e-10 3.48497e-11 1.0969e-11 3.44335e-12 1.07823e-12 3.36851e-13 1.05007e-13 3.26675e-14 1.01434e-14 3.14387e-15 9.72771e-16 3.0051e-16 9.2693e-17 2.85497e-17 8.7799e-18 2.69233e-18 8.13256e-19 2.17635e-19 0. 
0.519623 0.211845 0.085434 0.0337813 0.0130786 0.0049609 0.00184627 0.000675289 0.000243155 8.63307e-05 3.02665e-05 1.04913e-05 3.59969e-06 1.22376e-06 4.12579e-07 1.38047e-07 4.58727e-08 1.51477e-08 4.97314e-09 1.6241e-09 5.27804e-10 1.70755e-10 5.50123e-11 1.76547e-11 5.64542e-12 1.79916e-12 5.71584e-13 1.81056e-13 5.71938e-14 1.80202e-14 5.66387e-15 1.77611e-15 5.5576e-16 1.73546e-16 5.40879e-17 1.68254e-17 5.22163e-18 1.60683e-18 4.56115e-19 0. 
0.519623 0.214834 0.0671366 0.0204802 0.00625978 0.00192065 0.000591306 0.000182551 5.64825e-05 1.75054e-05 5.43194e-06 1.6869e-06 5.24112e-07 1.62866e-07 5.06063e-08 1.57201e-08 4.88104e-09 1.51467e-09 4.69702e-10 1.45544e-10 4.50611e-11 1.39388e-11 4.30777e-12 1.33006e-12 4.10276e-13 1.26434e-13 3.89257e-14 1.19728e-14 3.67911e-15 1.1295e-15 3.46443e-16 1.06166e-16 3.25055e-17 9.94362e-18 3.03887e-18 9.27111e-19 2.809e-19 8.19143e-20 1.92336e-20 0. 
0.519623 0.272578 0.101376 0.0355579 0.0121628 0.00409043 0.00135805 0.000446305 0.00014546 4.7083e-05 1.51514e-05 4.85134e-06 1.54659e-06 4.91156e-07 1.55444e-07 4.90441e-08 1.54307e-08 4.84257e-09 1.51616e-09 4.73666e-10 1.4768e-10 4.59572e-11 1.42764e-11 4.42754e-12 1.37097e-12 4.23884e-13 1.30875e-13 4.03542e-14 1.24271e-14 3.82227e-15 1.17428e-15 3.60363e-16 1.10471e-16 3.38308e-17 1.03497e-17 3.16186e-18 9.61795e-19 2.85235e-19 7.14485e-20 0. 
0.519623 0.271261 0.10803 0.0410518 0.0151784 0.0054889 0.00194798 0.000680325 0.000234346 7.9765e-05 2.68686e-05 8.96825e-06 2.96934e-06 9.76087e-07 3.18805e-07 1.03526e-07 3.34428e-08 1.07522e-08 3.44199e-09 1.0975e-09 3.48675e-10 1.10403e-10 3.48497e-11 1.0969e-11 3.44335e-12 1.07823e-12 3.36851e-13 1.05007e-13 3.26675e-14 1.01434e-14 3.14387e-15 9.72771e-16 3.0051e-16 9.2693e-17 2.85497e-17 8.7799e-18 2.69233e-18 8.13256e-19 2.17635e-19 0. 
0.519623 0.211845 0.085434 0.0337813 0.0130786 0.0049609 0.00184627 0.000675289 0.000243155 8.63307e-05 3.02665e-05 1.04913e-05 3.59969e-06 1.22376e-06 4.12579e-07 1.38047e-07 4.58727e-08 1.51477e-08 4.97314e-09 1.6241e-09 5.27804e-10 1.70755e-10 5.50123e-11 1.76547e-11 5.64542e-12 1.79916e-12 5.71584e-13 1.81056e-13 5.71938e-14 1.80202e-14 5.66387e-15 1.77611e-15 5.5576e-16 1.73546e-16 5.40879e-17 1.68254e-17 5.22163e-18 1.60683e-18 4.56115e-19 0. 
0.519623 0.214834 0.0671366 0.0204802 0.00625978 0.00192065 0.000591306 0.000182551 5.64825e-05 1.75054e-05 5.43194e-06 1.6869e-06 5.24112e-07 1.62866e-07 5.06063e-08 1.57201e-08 4.88104e-09 1.51467e-09 4.69702e-10 1.45544e-10 4.50611e-11 1.39388e-11 4.30777e-12 1.33006e-12 4.10276e-13 1.26434e-13 3.89257e-14 1.19728e-14 3.67911e-15 1.1295e-15 3.46443e-16 1.06166e-16 3.25055e-17 9.94362e-18 3.03887e-18 9.27111e-19 2.809e-19 8.19143e-20 1.92336e-20 0. 
0.519623 0.272578 0.101376 0.0355579 0.0121628 0.00409043 0.00135805 0.000446305 0.00014546 4.7083e-05 1.51514e-05 4.85134e-06 1.54659e-06 4.91156e-07 1.55444e-07 4.90441e-08 1.54307e-08 4.84257e-09 1.51616e-09 4.73666e-10 1.4768e-10 4.59572e-11 1.42764e-11 4.42754e-12 1.37097e-12 4.23884e-13 1.30875e-13 4.03542e-14 1.24271e-14 3.82227e-15 1.17428e-15 3.60363e-16 1.10471e-16 3.38308e-17 1.03497e-17 3.16186e-18 9.61795e-19 2.85235e-19 7.14485e-20 0. 
0.519623 0.271261 0.10803 0.0410518 0.0151784 0.0054889 0.00194798 0.000680325 0.000234346 7.9765e-05 2.68686e-05 8.96825e-06 2.96934e-06 9.76087e-07 3.18805e-07 1.03526e-07 3.34428e-08 1.07522e-08 3.44199e-09 1.0975e-09 3.48675e-10 1.10403e-10 3.48497e-11 1.0969e-11 3.44335e-12 1.07823e-12 3.36851e-13 1.05007e-13 3.26675e-14 1.01434e-14 3.14387e-15 9.72771e-16 3.0051e-16 9.2693e-17 2.85497e-17 8.7799e-18 2.69233e-18 8.13256e-19 2.17635e-19 0. 
0.519623 0.211845 0.085434 0.0337813 0.0130786 0.0049609 0.00184627 0.000675289 0.000243155 8.63307e-05 3.02665e-05 1.04913e-05 3.59969e-06 1.22376e-06 4.12579e-07 1.38047e-07 4.58727e-08 1.51477e-08 4.97314e-09 1.6241e-09 5.27804e-10 1.70755e-10 5.50123e-11 1.76547e-11 5.64542e-12 1.79916e-12 5.71584e-13 1.81056e-13 5.71938e-14 1.80202e-14 5.66387e-15 1.77611e-15 5.5576e-16 1.73546e-16 5.40879e-17 1.68254e-17 5.22163e-18 1.60683e-18 4.56115e-19 0. 
0.519623 0.214834 0.0671366 0.0204802 0.00625978 0.00192065 0.000591306 0.000182551 5.64825e-05 1.75054e-05 5.43194e-06 1.6869e-06 5.24112e-07 1.62866e-07 5.06063e-08 1.57201e-08 4.88104e-09 1.51467e-09 4.69702e-10 1.45544e-10 4.50611e-11 1.39388e-11 4.30777e-12 1.33006e-12 4.10276e-13 1.26434e-13 3.89257e-14 1.19728e-14 3.67911e-15 1.1295e-15 3.46443e-16 1.06166e-16 3.25055e-17 9.94362e-18 3.03887e-18 9.27111e-19 2.809e-19 8.19143e-20 1.92336e-20 0. 
0.519623 0.272578 0.101376 0.0355579 0.0121628 0.00409043 0.00135805 0.000446305 0.00014546 4.7083e-05 1.51514e-05 4.85134e-06 1.54659e-06 4.91156e-07 1.55444e-07 4.90441e-08 1.54307e-08 4.84257e-09 1.51616e-09 4.73666e-10 1.4768e-10 4.59572e-11 1.42764e-11 4.42754e-12 1.37097e-12 4.23884e-13 1.30875e-13 4.03542e-14 1.24271e-14 3.82227e-15 1.17428e-15 3.60363e-16 1.10471e-16 3.38308e-17 1.03497e-17 3.16186e-18 9.61795e-19 2.85235e-19 7.14485e-20 0. 
0.519623 0.271261 0.10803 0.0410518 0.0151784 0.0054889 0.00194798 0.000680325 0.000234346 7.9765e-05 2.68686e-05 8.96825e-06 2.96934e-06 9.76087e-07 3.18805e-07 1.03526e-07 3.34428e-08 1.07522e-08 3.44199e-09 1.0975e-09 3.48675e-10 1.10403e-10 3.48497e-11 1.0969e-11 3.44335e-12 1.07823e-12 3.36851e-13 1.05007e-13 3.26675e-14 1.01434e-14 3.14387e-15 9.72771e-16 3.0051e-16 9.2693e-17 2.85497e-17 8.7799e-18 2.69233e-18 8.13256e-19 2.17635e-19 0. 
0.519623 0.211845 0.085434 0.0337813 0.0130786 0.0049609 0.00184627 0.000675289 0.000243155 8.63307e-05 3.02665e-05 1.04913e-05 3.59969e-06 1.22376e-06 4.12579e-07 1.38047e-07 4.58727e-08 1.51477e-08 4.97314e-09 1.6241e-09 5.27804e-10 1.70755e-10 5.50123e-11 1.76547e-11 5.64542e-12 1.79916e-12 5.71584e-13 1.81056e-13 5.71938e-14 1.80202e-14 5.66387e-15 1.77611e-15 5.5576e-16 1.73546e-16 5.40879e-17 1.68254e-17 5.22163e-18 1.60683e-18 4.56115e-19 0. 
0.519623 0.215865 0.0675561 0.0205831 0.00627241 0.00191534 0.000585796 0.000179344 5.49362e-05 1.68301e-05 5.15509e-06 1.57833e-06 4.82936e-07 1.47655e-07 4.5105e-08 1.37655e-08 4.19683e-09 1.27821e-09 3.88892e-10 1.18195e-10 3.58849e-11 1.08837e-11 3.29762e-12 9.98144e-13 3.01832e-13 9.11858e-14 2.75229e-14 8.29997e-15 2.50085e-15 7.52908e-16 2.26491e-16 6.8081e-17 2.04494e-17 6.13795e-18 1.84096e-18 5.51542e-19 1.64527e-19 4.77567e-20 1.15506e-20 0. 
0.519623 0.276281 0.102846 0.0359295 0.0122152 0.00407613 0.00134069 0.000435882 0.000140365 4.48398e-05 1.42267e-05 4.48733e-06 1.40813e-06 4.39886e-07 1.36867e-07 4.24334e-08 1.31136e-08 4.04092e-09 1.24192e-09 3.80774e-10 1.16489e-10 3.55655e-11 1.08384e-11 3.29726e-12 1.00149e-12 3.03738e-13 9.19922e-14 2.78254e-14 8.40632e-15 2.53676e-15 7.64696e-16 2.30283e-16 6.92829e-17 2.08257e-17 6.2546e-18 1.87659e-18 5.61641e-19 1.6544e-19 4.27754e-20 0. 
0.519623 0.283677 0.112755 0.0422791 0.0153733 0.00545704 0.00189867 0.000649552 0.000219052 7.29696e-05 2.40505e-05 7.85397e-06 2.5441e-06 8.1822e-07 2.61485e-07 8.30924e-08 2.62703e-08 8.26753e-09 2.59109e-09 8.09006e-10 2.51725e-10 7.80786e-11 2.41481e-11 7.44867e-12 2.29196e-12 7.03639e-13 2.15564e-13 6.59102e-14 2.01158e-14 6.12888e-15 1.86438e-15 5.66292e-16 1.71767e-16 5.20316e-17 1.57419e-17 4.75682e-18 1.435e-18 4.29657e-19 1.18957e-19 0. 
0.519623 0.253475 0.100478 0.037783 0.0137762 0.00490135 0.00170857 0.000585441 0.000197696 6.59306e-05 2.17518e-05 7.10938e-06 2.30462e-06 7.4169e-07 2.37166e-07 7.54037e-08 2.38506e-08 7.50918e-09 2.35432e-09 7.35333e-10 2.28873e-10 7.10111e-11 2.19681e-11 6.77787e-12 2.08603e-12 6.40548e-13 1.96274e-13 6.00228e-14 1.8322e-14 5.58323e-15 1.69864e-15 5.1602e-16 1.56538e-16 4.74243e-17 1.43496e-17 4.33683e-18 1.30925e-18 3.94841e-19 1.18957e-19 0. 
