# Nx=40 Ny=40
100. 97.437 94.8738 92.3106 89.7469 87.1834 84.6194 82.0553 79.491 76.9264 74.3616 71.7969 69.2325 66.6681 64.1036 61.5391 58.9747 56.4104 53.8461 51.2819 48.7178 46.1538 43.5898 41.0258 38.4617 35.8976 33.3335 30.7693 28.205 25.6407 23.0765 20.5123 17.9481 15.3839 12.8197 10.2557 7.69173 5.12786 2.56396 0. 
100. 97.437 94.8738 92.3106 89.7469 87.1834 84.6194 82.0553 79.491 76.9264 74.3616 71.7969 69.2325 66.6681 64.1036 61.5391 58.9747 56.4104 53.8461 51.2819 48.7178 46.1538 43.5898 41.0258 38.4617 35.8976 33.3335 30.7693 28.205 25.6407 23.0765 20.5123 17.9481 15.3839 12.8197 10.2557 7.69173 5.12786 2.56396 0. 
100. 97.4374 94.8739 92.3108 89.7473 87.1836 84.6195 82.0555 79.4911 76.9263 74.3615 71.7969 69.2325 66.668 64.1035 61.539 58.9746 56.4103 53.846 51.2818 48.7178 46.1538 43.5898 41.0257 38.4617 35.8977 33.3335 30.7693 28.2049 25.6407 23.0765 20.5123 17.9481 15.3838 12.8196 10.2556 7.69174 5.1279 2.56399 0. 
100. 97.4372 94.8739 92.3111 89.7473 87.1836 84.6197 82.0555 79.4913 76.9263 74.3613 71.7969 69.2325 66.6679 64.1034 61.539 58.9746 56.41 53.8457 51.2817 48.7178 46.1538 43.5897 41.0256 38.4617 35.8977 33.3335 30.7692 28.2048 25.6406 23.0765 20.5124 17.9481 15.3837 12.8195 10.2555 7.69177 5.12798 2.56405 0. 
100. 97.437 94.874 92.3109 89.7473 87.1836 84.6196 82.0555 79.491 76.9261 74.3612 71.7966 69.2323 66.6678 64.1032 61.5388 58.9744 56.4099 53.8455 51.2814 48.7176 46.1537 43.5896 41.0256 38.4616 35.8976 33.3333 30.769 28.2046 25.6404 23.0764 20.5122 17.9479 15.3836 12.8194 10.2555 7.69174 5.12797 2.56406 0. 
100. 97.437 94.8739 92.3108 89.7469 87.1833 84.6196 82.0553 79.4906 76.926 74.3612 71.7966 69.2321 66.6677 64.1031 61.5386 58.9741 56.4096 53.8453 51.2813 48.7173 46.1533 43.5894 41.0254 38.4614 35.8973 33.333 30.7687 28.2044 25.6403 23.0762 20.512 17.9478 15.3836 12.8195 10.2555 7.69174 5.12793 2.56401 0. 
100. 97.437 94.8741 92.3106 89.747 87.1832 84.6193 82.055 79.4906 76.9258 74.361 71.7964 69.2319 66.6675 64.1029 61.5383 58.9738 56.4093 53.845 51.281 48.717 46.1531 43.5891 41.0251 38.4611 35.897 33.3327 30.7684 28.2042 25.64 23.076 20.5119 17.9477 15.3835 12.8194 10.2555 7.69174 5.12794 2.56402 0. 
100. 97.4371 94.8736 92.3107 89.7469 87.183 84.6192 82.0549 79.4905 76.9257 74.3607 71.7963 69.2318 66.6672 64.1026 61.538 58.9734 56.4089 53.8446 51.2806 48.7167 46.1528 43.5888 41.0248 38.4608 35.8967 33.3324 30.768 28.2038 25.6398 23.0758 20.5118 17.9475 15.3833 12.8193 10.2555 7.69176 5.128 2.56406 0. 
100. 97.4368 94.8736 92.3105 89.7467 87.183 84.6188 82.0546 79.4901 76.9253 74.3605 71.7959 69.2316 66.667 64.1022 61.5376 58.9731 56.4086 53.8442 51.2801 48.7163 46.1525 43.5886 41.0246 38.4605 35.8963 33.332 30.7676 28.2034 25.6394 23.0755 20.5115 17.9474 15.3832 12.8192 10.2554 7.69173 5.12798 2.56406 0. 
100. 97.4367 94.8735 92.3101 89.7462 87.1825 84.6186 82.0542 79.4896 76.9251 74.3604 71.7957 69.2312 66.6666 64.1019 61.5372 58.9726 56.4082 53.8439 51.2798 48.7159 46.1521 43.5882 41.0242 38.4601 35.8959 33.3316 30.7673 28.2031 25.6391 23.0752 20.5113 17.9472 15.3832 12.8193 10.2554 7.6917 5.12791 2.564 0. 
100. 97.4368 94.8735 92.3098 89.746 87.1822 84.6181 82.0538 79.4895 76.9248 74.36 71.7954 69.2309 66.6663 64.1015 61.5368 58.9722 56.4077 53.8434 51.2794 48.7155 46.1517 43.5878 41.0238 38.4597 35.8955 33.3312 30.7669 28.2027 25.6387 23.0749 20.511 17.9471 15.3831 12.8192 10.2554 7.69168 5.12789 2.56399 0. 
100. 97.4367 94.873 92.3098 89.7458 87.1818 84.6179 82.0536 79.4893 76.9245 74.3596 71.7951 69.2306 66.6659 64.1011 61.5364 58.9717 56.4071 53.8428 51.2789 48.7151 46.1514 43.5874 41.0234 38.4593 35.8951 33.3307 30.7664 28.2022 25.6384 23.0746 20.5109 17.947 15.383 12.8191 10.2554 7.6917 5.12793 2.56401 0. 
100. 97.4364 94.8729 92.3095 89.7454 87.1815 84.6173 82.0532 79.4887 76.924 74.3592 71.7946 69.2302 66.6655 64.1006 61.5359 58.9712 56.4066 53.8423 51.2783 48.7146 46.1509 43.5871 41.023 38.4589 35.8946 33.3302 30.7659 28.2017 25.6379 23.0743 20.5106 17.9468 15.3829 12.8191 10.2554 7.69167 5.12791 2.56402 0. 
100. 97.4364 94.8727 92.309 89.7449 87.181 84.617 82.0527 79.4881 76.9236 74.3589 71.7942 69.2297 66.665 64.1002 61.5354 58.9707 56.4062 53.8419 51.2779 48.7142 46.1504 43.5865 41.0225 38.4584 35.8942 33.3298 30.7656 28.2015 25.6376 23.074 20.5103 17.9466 15.3828 12.8191 10.2554 7.69165 5.12787 2.56398 0. 
100. 97.4363 94.8726 92.3086 89.7446 87.1806 84.6164 82.0521 79.4877 76.9231 74.3583 71.7937 69.2292 66.6645 64.0997 61.5349 58.9702 56.4057 53.8414 51.2775 48.7137 46.1499 43.5861 41.0221 38.458 35.8937 33.3294 30.7651 28.2011 25.6373 23.0737 20.5101 17.9465 15.3827 12.819 10.2553 7.69165 5.12788 2.56399 0. 
100. 97.4362 94.8721 92.3085 89.7442 87.18 84.6159 82.0516 79.4874 76.9226 74.3577 71.7933 69.2288 66.664 64.0992 61.5344 58.9697 56.405 53.8408 51.2769 48.7133 46.1495 43.5856 41.0217 38.4576 35.8934 33.329 30.7647 28.2006 25.6369 23.0734 20.5099 17.9464 15.3827 12.819 10.2553 7.6917 5.12796 2.56404 0. 
100. 97.436 94.8719 92.3081 89.7437 87.1796 84.6153 82.051 79.4866 76.9219 74.3572 71.7926 69.2283 66.6636 64.0987 61.5339 58.9692 56.4046 53.8402 51.2763 48.7127 46.1491 43.5852 41.0213 38.4572 35.893 33.3286 30.7642 28.2002 25.6365 23.0731 20.5097 17.9462 15.3826 12.8189 10.2553 7.69169 5.12796 2.56405 0. 
100. 97.4358 94.8717 92.3076 89.7431 87.1789 84.6148 82.0503 79.4858 76.9213 74.3567 71.7921 69.2276 66.663 64.0982 61.5334 58.9687 56.4042 53.8399 51.2759 48.7122 46.1485 43.5847 41.0208 38.4567 35.8925 33.3283 30.764 28.2001 25.6364 23.0729 20.5095 17.946 15.3825 12.8189 10.2553 7.69166 5.12792 2.56402 0. 
100. 97.4358 94.8716 92.3071 89.7427 87.1784 84.614 82.0496 79.4852 76.9206 74.3559 71.7915 69.227 66.6624 64.0977 61.5329 58.9682 56.4037 53.8394 51.2754 48.7117 46.148 43.5842 41.0203 38.4563 35.8921 33.3279 30.7637 28.1998 25.6362 23.0727 20.5094 17.9459 15.3824 12.8188 10.2553 7.69167 5.12795 2.56404 0. 
100. 97.4357 94.871 92.3069 89.7421 87.1776 84.6134 82.0489 79.4847 76.9199 74.3552 71.7909 69.2265 66.6619 64.0971 61.5324 58.9677 56.403 53.8387 51.2749 48.7112 46.1476 43.5838 41.0199 38.4559 35.8918 33.3276 30.7634 28.1995 25.6359 23.0726 20.5093 17.9458 15.3823 12.8188 10.2553 7.69175 5.12805 2.56411 0. 
100. 97.4353 94.8707 92.3064 89.7416 87.1771 84.6125 82.0482 79.4837 76.9191 74.3545 71.7901 69.2259 66.6614 64.0966 61.5319 58.9672 56.4026 53.8383 51.2743 48.7107 46.1471 43.5834 41.0195 38.4556 35.8915 33.3273 30.7631 28.1992 25.6356 23.0724 20.5091 17.9457 15.3822 12.8187 10.2552 7.6917 5.12803 2.56411 0. 
100. 97.4352 94.8705 92.3059 89.7409 87.1764 84.612 82.0474 79.4828 76.9184 74.3539 71.7894 69.2251 66.6607 64.0961 61.5314 58.9668 56.4023 53.838 51.274 48.7103 46.1466 43.5829 41.0191 38.4552 35.8912 33.3271 30.763 28.1992 25.6356 23.0722 20.5089 17.9455 15.3821 12.8186 10.2551 7.69159 5.1279 2.56402 0. 
100. 97.4351 94.8703 92.3053 89.7404 87.1758 84.6111 82.0466 79.4821 76.9176 74.353 71.7887 69.2245 66.6601 64.0955 61.5309 58.9663 56.4019 53.8376 51.2736 48.7099 46.1462 43.5825 41.0187 38.4549 35.8909 33.3269 30.7628 28.199 25.6355 23.0721 20.5088 17.9454 15.3819 12.8185 10.255 7.69151 5.12785 2.56399 0. 
100. 97.435 94.8697 92.305 89.7398 87.1749 84.6104 82.0458 79.4815 76.9168 74.3522 71.7881 69.224 66.6595 64.095 61.5304 58.9659 56.4013 53.837 51.2732 48.7096 46.1459 43.5822 41.0184 38.4546 35.8907 33.3267 30.7626 28.1988 25.6353 23.072 20.5087 17.9453 15.3818 12.8184 10.2549 7.6915 5.12788 2.56402 0. 
100. 97.4347 94.8695 92.3046 89.7392 87.1744 84.6095 82.045 79.4804 76.9159 74.3514 71.7872 69.2233 66.659 64.0944 61.5299 58.9655 56.401 53.8367 51.2728 48.7092 46.1456 43.5819 41.0182 38.4544 35.8905 33.3264 30.7624 28.1986 25.6351 23.0718 20.5085 17.9451 15.3817 12.8182 10.2548 7.69138 5.1278 2.56399 0. 
100. 97.4346 94.8693 92.3041 89.7386 87.1737 84.609 82.0442 79.4795 76.9151 74.3508 71.7865 69.2225 66.6583 64.0939 61.5295 58.9651 56.4007 53.8365 51.2726 48.7089 46.1453 43.5817 41.018 38.4542 35.8903 33.3263 30.7624 28.1986 25.6351 23.0717 20.5084 17.945 15.3815 12.8181 10.2546 7.69118 5.1276 2.56386 0. 
100. 97.4345 94.8691 92.3035 89.7382 87.1731 84.6081 82.0434 79.4789 76.9143 74.3499 71.7858 69.2218 66.6577 64.0934 61.529 58.9647 56.4004 53.8363 51.2724 48.7087 46.1451 43.5815 41.0178 38.454 35.8902 33.3262 30.7623 28.1985 25.635 23.0716 20.5082 17.9448 15.3813 12.8179 10.2545 7.69102 5.12748 2.56379 0. 
100. 97.4344 94.8685 92.3033 89.7376 87.1723 84.6074 82.0426 79.4782 76.9135 74.349 71.7851 69.2212 66.6571 64.0929 61.5286 58.9643 56.4 53.8359 51.2721 48.7086 46.145 43.5813 41.0176 38.4539 35.8901 33.3261 30.7622 28.1984 25.6348 23.0715 20.5081 17.9447 15.3811 12.8177 10.2543 7.69091 5.12742 2.56377 0. 
100. 97.4341 94.8683 92.3029 89.7371 87.1718 84.6067 82.0419 79.4773 76.9127 74.3483 71.7843 69.2206 66.6566 64.0924 61.5282 58.964 56.3998 53.8356 51.2719 48.7084 46.1449 43.5812 41.0175 38.4538 35.89 33.326 30.762 28.1982 25.6346 23.0713 20.5079 17.9445 15.381 12.8175 10.2541 7.69077 5.12733 2.56372 0. 
100. 97.434 94.8682 92.3025 89.7366 87.1713 84.6063 82.0413 79.4766 76.9121 74.3478 71.7837 69.2199 66.656 64.0919 61.5278 58.9637 56.3996 53.8356 51.2719 48.7083 46.1447 43.5811 41.0175 38.4537 35.8899 33.3259 30.762 28.1982 25.6346 23.0712 20.5077 17.9443 15.3808 12.8174 10.254 7.69063 5.12718 2.56363 0. 
100. 97.434 94.8681 92.3021 89.7363 87.1709 84.6056 82.0406 79.476 76.9115 74.3471 71.7831 69.2193 66.6555 64.0915 61.5275 58.9634 56.3994 53.8355 51.2718 48.7083 46.1447 43.5811 41.0174 38.4536 35.8898 33.3258 30.7619 28.1981 25.6345 23.071 20.5076 17.9441 15.3807 12.8173 10.2539 7.69052 5.1271 2.56358 0. 
100. 97.4339 94.8675 92.3019 89.7358 87.1702 84.605 82.0401 79.4755 76.9108 74.3463 71.7825 69.2188 66.655 64.0911 61.5272 58.9632 56.3992 53.8353 51.2717 48.7083 46.1448 43.5811 41.0174 38.4536 35.8897 33.3258 30.7618 28.1979 25.6343 23.0709 20.5074 17.944 15.3805 12.8171 10.2538 7.69046 5.12707 2.56358 0. 
100. 97.4337 94.8675 92.3016 89.7355 87.1699 84.6045 82.0396 79.4748 76.9102 74.3458 71.7819 69.2184 66.6546 64.0907 61.5269 58.963 56.3991 53.8352 51.2716 48.7082 46.1448 43.5812 41.0174 38.4536 35.8897 33.3256 30.7616 28.1977 25.6341 23.0707 20.5073 17.9438 15.3804 12.817 10.2537 7.69039 5.12703 2.56356 0. 
100. 97.4337 94.8675 92.3014 89.7352 87.1697 84.6045 82.0393 79.4745 76.9099 74.3456 71.7817 69.2179 66.6542 64.0904 61.5266 58.9628 56.399 53.8353 51.2717 48.7082 46.1447 43.5811 41.0174 38.4536 35.8896 33.3256 30.7616 28.1977 25.6341 23.0706 20.5072 17.9438 15.3804 12.817 10.2537 7.69035 5.12698 2.56352 0. 
100. 97.4337 94.8675 92.3012 89.735 87.1694 84.604 82.0389 79.4741 76.9096 74.3453 71.7813 69.2176 66.6539 64.0902 61.5264 58.9627 56.3989 53.8353 51.2717 48.7083 46.1448 43.5812 41.0174 38.4535 35.8895 33.3255 30.7615 28.1976 25.634 23.0705 20.5071 17.9437 15.3803 12.817 10.2537 7.69034 5.12696 2.56351 0. 
100. 97.4336 94.867 92.3012 89.7348 87.1689 84.6036 82.0385 79.4738 76.9092 74.3448 71.781 69.2173 66.6536 64.0899 61.5263 58.9626 56.3988 53.8352 51.2717 48.7084 46.1449 43.5813 41.0175 38.4535 35.8895 33.3254 30.7613 28.1975 25.6338 23.0704 20.507 17.9436 15.3803 12.8169 10.2537 7.69036 5.12699 2.56353 0. 
100. 97.4335 94.8671 92.3009 89.7347 87.1689 84.6034 82.0382 79.4735 76.9089 74.3445 71.7807 69.2171 66.6535 64.0898 61.5261 58.9625 56.3988 53.8352 51.2717 48.7083 46.1449 43.5813 41.0175 38.4536 35.8895 33.3253 30.7612 28.1973 25.6337 23.0703 20.5069 17.9435 15.3802 12.8169 10.2536 7.69035 5.12698 2.56353 0. 
100. 97.4335 94.8672 92.3008 89.7347 87.169 84.6036 82.0384 79.4734 76.9088 74.3446 71.7807 69.217 66.6534 64.0898 61.5261 58.9624 56.3988 53.8353 51.2718 48.7084 46.1448 43.5812 41.0174 38.4534 35.8894 33.3253 30.7613 28.1974 25.6338 23.0703 20.5069 17.9435 15.3802 12.8169 10.2536 7.69033 5.12695 2.5635 0. 
100. 97.4336 94.8673 92.3005 89.7346 87.169 84.6037 82.0383 79.4733 76.9088 74.3446 71.7807 69.217 66.6534 64.0897 61.526 58.9623 56.3988 53.8353 51.2719 48.7084 46.1448 43.5811 41.0173 38.4534 35.8894 33.3253 30.7613 28.1974 25.6338 23.0703 20.5069 17.9435 15.3802 12.8169 10.2537 7.69033 5.12694 2.56349 0. 
100. 97.4336 94.8673 92.3006 89.7346 87.1689 84.6034 82.0381 79.4733 76.9088 74.3445 71.7806 69.217 66.6534 64.0897 61.5259 58.9623 56.3988 53.8354 51.2719 48.7084 46.1448 43.5812 41.0174 38.4534 35.8893 33.3252 30.7612 28.1974 25.6337 23.0703 20.5069 17.9435 15.3802 12.817 10.2537 7.69035 5.12696 2.56349 0. 
