# Nx=40 Ny=40
0.52762 0.316542 0.131607 0.0519838 0.0203044 0.00789329 0.00305865 0.00118222 0.000455999 0.000175585 6.75148e-05 2.59301e-05 9.94924e-06 3.81443e-06 1.46145e-06 5.59629e-07 2.14201e-07 8.19564e-08 3.13481e-08 1.19875e-08 4.58309e-09 1.75192e-09 6.69588e-10 2.55889e-10 9.77813e-11 3.73617e-11 1.42748e-11 5.45369e-12 2.0835e-12 7.95943e-13 3.04059e-13 1.16151e-13 4.43691e-14 1.6948e-14 6.47264e-15 2.46964e-15 9.37325e-16 3.45633e-16 1.08168e-16 0. 
0.52762 0.316542 0.131607 0.0519838 0.0203044 0.00789329 0.00305865 0.00118222 0.000455999 0.000175585 6.75148e-05 2.59301e-05 9.94924e-06 3.81443e-06 1.46145e-06 5.59629e-07 2.14201e-07 8.19564e-08 3.13481e-08 1.19875e-08 4.58309e-09 1.75192e-09 6.69588e-10 2.55889e-10 9.77813e-11 3.73617e-11 1.42748e-11 5.45369e-12 2.0835e-12 7.95943e-13 3.04059e-13 1.16151e-13 4.43691e-14 1.6948e-14 6.47264e-15 2.46964e-15 9.37325e-16 3.45633e-16 1.08168e-16 0. 
0.52762 0.290398 0.123095 0.0502004 0.0201601 0.00801432 0.00316146 0.00123957 0.000483666 0.000187986 7.28334e-05 2.81461e-05 1.0854e-05 4.17848e-06 1.60632e-06 6.16798e-07 2.36614e-07 9.06984e-08 3.4744e-08 1.33024e-08 5.09091e-09 1.94762e-09 7.44884e-10 2.84819e-10 1.08884e-10 4.1619e-11 1.5906e-11 6.07836e-12 2.32259e-12 8.8742e-13 3.39048e-13 1.2953e-13 4.94841e-14 1.89035e-14 7.22079e-15 2.75705e-15 1.0498e-15 3.92394e-16 1.28752e-16 0. 
0.52762 0.238203 0.104633 0.0445103 0.018539 0.00759964 0.00307627 0.00123266 0.000489852 0.000193348 7.58898e-05 2.96494e-05 1.15393e-05 4.4767e-06 1.73214e-06 6.68723e-07 2.57698e-07 9.91545e-08 3.81031e-08 1.46268e-08 5.60995e-09 2.15007e-09 8.23539e-10 3.15283e-10 1.20653e-10 4.61561e-11 1.76522e-11 6.74946e-12 2.58022e-12 9.8623e-13 3.76916e-13 1.44034e-13 5.50364e-14 2.10282e-14 8.03374e-15 3.06835e-15 1.16963e-15 4.39373e-16 1.46926e-16 0. 
0.52762 0.237693 0.0794468 0.0256477 0.00824841 0.00265129 0.000851961 0.000273671 8.78706e-05 2.81987e-05 9.04373e-06 2.89847e-06 9.28247e-07 2.97035e-07 9.49678e-08 3.03356e-08 9.681e-09 3.08649e-09 9.83048e-10 3.12782e-10 9.94169e-11 3.15664e-11 1.00123e-11 3.17235e-12 1.00409e-12 3.17471e-13 1.00272e-13 3.16378e-14 9.97202e-15 3.1399e-15 9.87663e-16 3.10362e-16 9.74314e-17 3.05557e-17 9.57129e-18 2.99083e-18 9.25537e-19 2.73078e-19 6.35243e-20 0. 
0.52762 0.28428 0.109069 0.0394878 0.0139513 0.00484804 0.0016633 0.000564831 0.000190193 6.35893e-05 2.11318e-05 6.9856e-06 2.29859e-06 7.5324e-07 2.45926e-07 8.00246e-08 2.59608e-08 8.39839e-09 2.70986e-09 8.72266e-10 2.80137e-10 8.97784e-11 2.87147e-11 9.16673e-12 2.92109e-12 9.29247e-13 2.95127e-13 9.35854e-14 2.96317e-14 9.36875e-15 2.95805e-15 9.32723e-16 2.93725e-16 9.23814e-17 2.90175e-17 9.09678e-18 2.83353e-18 8.53425e-19 2.1198e-19 0. 
0.52762 0.283924 0.116511 0.0455118 0.0173018 0.00643732 0.00235192 0.000846041 0.00030029 0.000105349 3.65842e-05 1.25905e-05 4.29851e-06 1.45708e-06 4.90736e-07 1.64316e-07 5.47274e-08 1.81394e-08 5.98558e-09 1.96701e-09 6.43956e-10 2.10075e-10 6.8307e-11 2.21423e-11 7.15705e-12 2.30713e-12 7.41838e-13 2.37961e-13 7.61584e-14 2.4322e-14 7.75173e-15 2.4658e-15 7.82923e-16 2.48151e-16 7.85174e-17 2.47943e-17 7.79441e-18 2.39481e-18 6.31872e-19 0. 
0.52762 0.236498 0.102374 0.0425724 0.0171848 0.00676688 0.00260817 0.000986647 0.000367149 0.000134647 4.87438e-05 1.74423e-05 6.17669e-06 2.16679e-06 7.53639e-07 2.60093e-07 8.91259e-08 3.03419e-08 1.02677e-08 3.45534e-09 1.15685e-09 3.85473e-10 1.27873e-10 4.22442e-11 1.39018e-11 4.55823e-12 1.4895e-12 4.85168e-13 1.57554e-13 5.10182e-14 1.64759e-14 5.30713e-15 1.70537e-15 5.46731e-16 1.74892e-16 5.58191e-17 1.77526e-17 5.56083e-18 1.54932e-18 0. 
0.52762 0.237693 0.0794468 0.0256477 0.00824841 0.00265129 0.000851961 0.000273671 8.78706e-05 2.81987e-05 9.04373e-06 2.89847e-06 9.28247e-07 2.97035e-07 9.49678e-08 3.03356e-08 9.681e-09 3.08649e-09 9.83048e-10 3.12782e-10 9.94169e-11 3.15664e-11 1.00123e-11 3.17235e-12 1.00409e-12 3.17471e-13 1.00272e-13 3.16378e-14 9.97202e-15 3.1399e-15 9.87663e-16 3.10362e-16 9.74314e-17 3.05557e-17 9.57129e-18 2.99083e-18 9.25537e-19 2.73078e-19 6.35243e-20 0. 
0.52762 0.28428 0.109069 0.0394878 0.0139513 0.00484804 0.0016633 0.000564831 0.000190193 6.35893e-05 2.11318e-05 6.9856e-06 2.29859e-06 7.5324e-07 2.45926e-07 8.00246e-08 2.59608e-08 8.39839e-09 2.70986e-09 8.72266e-10 2.80137e-10 8.97784e-11 2.87147e-11 9.16673e-12 2.92109e-12 9.29247e-13 2.95127e-13 9.35854e-14 2.96317e-14 9.36875e-15 2.95805e-15 9.32723e-16 2.93725e-16 9.23814e-17 2.90175e-17 9.09678e-18 2.83353e-18 8.53425e-19 2.1198e-19 0. 
0.52762 0.283924 0.116511 0.0455118 0.0173018 0.00643732 0.00235192 0.000846041 0.00030029 0.000105349 3.65842e-05 1.25905e-05 4.29851e-06 1.45708e-06 4.90736e-07 1.64316e-07 5.47274e-08 1.81394e-08 5.98558e-09 1.96701e-09 6.43956e-10 2.10075e-10 6.8307e-11 2.21423e-11 7.15705e-12 2.30713e-12 7.41838e-13 2.37961e-13 7.61584e-14 2.4322e-14 7.75173e-15 2.4658e-15 7.82923e-16 2.48151e-16 7.85174e-17 2.47943e-17 7.79441e-18 2.39481e-18 6.31872e-19 0. 
0.52762 0.236498 0.102374 0.0425724 0.0171848 0.00676688 0.00260817 0.000986647 0.000367149 0.000134647 4.87438e-05 1.74423e-05 6.17669e-06 2.16679e-06 7.53639e-07 2.60093e-07 8.91259e-08 3.03419e-08 1.02677e-08 3.45534e-09 1.15685e-09 3.85473e-10 1.27873e-10 4.22442e-11 1.39018e-11 4.55823e-12 1.4895e-12 4.85168e-13 1.57554e-13 5.10182e-14 1.64759e-14 5.30713e-15 1.70537e-15 5.46731e-16 1.74892e-16 5.58191e-17 1.77526e-17 5.56083e-18 1.54932e-18 0. 
0.52762 0.237693 0.0794468 0.0256477 0.00824841 0.00265129 0.000851961 0.000273671 8.78706e-05 2.81987e-05 9.04373e-06 2.89847e-06 9.28247e-07 2.97035e-07 9.49678e-08 3.03356e-08 9.681e-09 3.08649e-09 9.83048e-10 3.12782e-10 9.94169e-11 3.15664e-11 1.00123e-11 3.17235e-12 1.00409e-12 3.17471e-13 1.00272e-13 3.16378e-14 9.97202e-15 3.1399e-15 9.87663e-16 3.10362e-16 9.74314e-17 3.05557e-17 9.57129e-18 2.99083e-18 9.25537e-19 2.73078e-19 6.35243e-20 0. 
0.52762 0.28428 0.109069 0.0394878 0.0139513 0.00484804 0.0016633 0.000564831 0.000190193 6.35893e-05 2.11318e-05 6.9856e-06 2.29859e-06 7.5324e-07 2.45926e-07 8.00246e-08 2.59608e-08 8.39839e-09 2.70986e-09 8.72266e-10 2.80137e-10 8.97784e-11 2.87147e-11 9.16673e-12 2.92109e-12 9.29247e-13 2.95127e-13 9.35854e-14 2.96317e-14 9.36875e-15 2.95805e-15 9.32723e-16 2.93725e-16 9.23814e-17 2.90175e-17 9.09678e-18 2.83353e-18 8.53425e-19 2.1198e-19 0. 
0.52762 0.283924 0.116511 0.0455118 0.0173018 0.00643732 0.00235192 0.000846041 0.00030029 0.000105349 3.65842e-05 1.25905e-05 4.29851e-06 1.45708e-06 4.90736e-07 1.64316e-07 5.47274e-08 1.81394e-08 5.98558e-09 1.96701e-09 6.43956e-10 2.10075e-10 6.8307e-11 2.21423e-11 7.15705e-12 2.30713e-12 7.41838e-13 2.37961e-13 7.61584e-14 2.4322e-14 7.75173e-15 2.4658e-15 7.82923e-16 2.48151e-16 7.85174e-17 2.47943e-17 7.79441e-18 2.39481e-18 6.31872e-19 0. 
0.52762 0.236498 0.102374 0.0425724 0.0171848 0.00676688 0.00260817 0.000986647 0.000367149 0.000134647 4.87438e-05 1.74423e-05 6.17669e-06 2.16679e-06 7.53639e-07 2.60093e-07 8.91259e-08 3.03419e-08 1.02677e-08 3.45534e-09 1.15685e-09 3.85473e-10 1.27873e-10 4.22442e-11 1.39018e-11 4.55823e-12 1.4895e-12 4.85168e-13 1.57554e-13 5.10182e-14 1.64759e-14 5.30713e-15 1.70537e-15 5.46731e-16 1.74892e-16 5.58191e-17 1.77526e-17 5.56083e-18 1.54932e-18 0. 
0.52762 0.237693 0.0794468 0.0256477 0.00824841 0.00265129 0.000851961 0.000273671 8.78706e-05 2.81987e-05 9.04373e-06 2.89847e-06 9.28247e-07 2.97035e-07 9.49678e-08 3.03356e-08 9.681e-09 3.08649e-09 9.83048e-10 3.12782e-10 9.94169e-11 3.15664e-11 1.00123e-11 3.17235e-12 1.00409e-12 3.17471e-13 1.00272e-13 3.16378e-14 9.97202e-15 3.1399e-15 9.87663e-16 3.10362e-16 9.74314e-17 3.05557e-17 9.57129e-18 2.99083e-18 9.25537e-19 2.73078e-19 6.35243e-20 0. 
0.52762 0.28428 0.109069 0.0394878 0.0139513 0.00484804 0.0016633 0.000564831 0.000190193 6.35893e-05 2.11318e-05 6.9856e-06 2.29859e-06 7.5324e-07 2.45926e-07 8.00246e-08 2.59608e-08 8.39839e-09 2.70986e-09 8.72266e-10 2.80137e-10 8.97784e-11 2.87147e-11 9.16673e-12 2.92109e-12 9.29247e-13 2.95127e-13 9.35854e-14 2.96317e-14 9.36875e-15 2.95805e-15 9.32723e-16 2.93725e-16 9.23814e-17 2.90175e-17 9.09678e-18 2.83353e-18 8.53425e-19 2.1198e-19 0. 
0.52762 0.283924 0.116511 0.0455118 0.0173018 0.00643732 0.00235192 0.000846041 0.00030029 0.000105349 3.65842e-05 1.25905e-05 4.29851e-06 1.45708e-06 4.90736e-07 1.64316e-07 5.47274e-08 1.81394e-08 5.98558e-09 1.96701e-09 6.43956e-10 2.10075e-10 6.8307e-11 2.21423e-11 7.15705e-12 2.30713e-12 7.41838e-13 2.37961e-13 7.61584e-14 2.4322e-14 7.75173e-15 2.4658e-15 7.82923e-16 2.48151e-16 7.85174e-17 2.47943e-17 7.79441e-18 2.39481e-18 6.31872e-19 0. 
0.52762 0.236498 0.102374 0.0425724 0.0171848 0.00676688 0.00260817 0.000986647 0.000367149 0.000134647 4.87438e-05 1.74423e-05 6.17669e-06 2.16679e-06 7.53639e-07 2.60093e-07 8.91259e-08 3.03419e-08 1.02677e-08 3.45534e-09 1.15685e-09 3.85473e-10 1.27873e-10 4.22442e-11 1.39018e-11 4.55823e-12 1.4895e-12 4.85168e-13 1.57554e-13 5.10182e-14 1.64759e-14 5.30713e-15 1.70537e-15 5.46731e-16 1.74892e-16 5.58191e-17 1.77526e-17 5.56083e-18 1.54932e-18 0. 
0.52762 0.237693 0.0794468 0.0256477 0.00824841 0.00265129 0.000851961 0.000273671 8.78706e-05 2.81987e-05 9.04373e-06 2.89847e-06 9.28247e-07 2.97035e-07 9.49678e-08 3.03356e-08 9.681e-09 3.08649e-09 9.83048e-10 3.12782e-10 9.94169e-11 3.15664e-11 1.00123e-11 3.17235e-12 1.00409e-12 3.17471e-13 1.00272e-13 3.16378e-14 9.97202e-15 3.1399e-15 9.87663e-16 3.10362e-16 9.74314e-17 3.05557e-17 9.57129e-18 2.99083e-18 9.25537e-19 2.73078e-19 6.35243e-20 0. 
0.52762 0.28428 0.109069 0.0394878 0.0139513 0.00484804 0.0016633 0.000564831 0.000190193 6.35893e-05 2.11318e-05 6.9856e-06 2.29859e-06 7.5324e-07 2.45926e-07 8.00246e-08 2.59608e-08 8.39839e-09 2.70986e-09 8.72266e-10 2.80137e-10 8.97784e-11 2.87147e-11 9.16673e-12 2.92109e-12 9.29247e-13 2.95127e-13 9.35854e-14 2.96317e-14 9.36875e-15 2.95805e-15 9.32723e-16 2.93725e-16 9.23814e-17 2.90175e-17 9.09678e-18 2.83353e-18 8.53425e-19 2.1198e-19 0. 
0.52762 0.283924 0.116511 0.0455118 0.0173018 0.00643732 0.00235192 0.000846041 0.00030029 0.000105349 3.65842e-05 1.25905e-05 4.29851e-06 1.45708e-06 4.90736e-07 1.64316e-07 5.47274e-08 1.81394e-08 5.98558e-09 1.96701e-09 6.43956e-10 2.10075e-10 6.8307e-11 2.21423e-11 7.15705e-12 2.30713e-12 7.41838e-13 2.37961e-13 7.61584e-14 2.4322e-14 7.75173e-15 2.4658e-15 7.82923e-16 2.48151e-16 7.85174e-17 2.47943e-17 7.79441e-18 2.39481e-18 6.31872e-19 0. 
0.52762 0.236498 0.102374 0.0425724 0.0171848 0.00676688 0.00260817 0.000986647 0.000367149 0.000134647 4.87438e-05 1.74423e-05 6.17669e-06 2.16679e-06 7.53639e-07 2.60093e-07 8.91259e-08 3.03419e-08 1.02677e-08 3.45534e-09 1.15685e-09 3.85473e-10 1.27873e-10 4.22442e-11 1.39018e-11 4.55823e-12 1.4895e-12 4.85168e-13 1.57554e-13 5.10182e-14 1.64759e-14 5.30713e-15 1.70537e-15 5.46731e-16 1.74892e-16 5.58191e-17 1.77526e-17 5.56083e-18 1.54932e-18 0. 
0.52762 0.237693 0.0794468 0.0256477 0.00824841 0.00265129 0.000851961 0.000273671 8.78706e-05 2.81987e-05 9.04373e-06 2.89847e-06 9.28247e-07 2.97035e-07 9.49678e-08 3.03356e-08 9.681e-09 3.08649e-09 9.83048e-10 3.12782e-10 9.94169e-11 3.15664e-11 1.00123e-11 3.17235e-12 1.00409e-12 3.17471e-13 1.00272e-13 3.16378e-14 9.97202e-15 3.1399e-15 9.87663e-16 3.10362e-16 9.74314e-17 3.05557e-17 9.57129e-18 2.99083e-18 9.25537e-19 2.73078e-19 6.35243e-20 0. 
0.52762 0.28428 0.109069 0.0394878 0.0139513 0.00484804 0.0016633 0.000564831 0.000190193 6.35893e-05 2.11318e-05 6.9856e-06 2.29859e-06 7.5324e-07 2.45926e-07 8.00246e-08 2.59608e-08 8.39839e-09 2.70986e-09 8.72266e-10 2.80137e-10 8.97784e-11 2.87147e-11 9.16673e-12 2.92109e-12 9.29247e-13 2.95127e-13 9.35854e-14 2.96317e-14 9.36875e-15 2.95805e-15 9.32723e-16 2.93725e-16 9.23814e-17 2.90175e-17 9.09678e-18 2.83353e-18 8.53425e-19 2.1198e-19 0. 
0.52762 0.283924 0.116511 0.0455118 0.0173018 0.00643732 0.00235192 0.000846041 0.00030029 0.000105349 3.65842e-05 1.25905e-05 4.29851e-06 1.45708e-06 4.90736e-07 1.64316e-07 5.47274e-08 1.81394e-08 5.98558e-09 1.96701e-09 6.43956e-10 2.10075e-10 6.8307e-11 2.21423e-11 7.15705e-12 2.30713e-12 7.41838e-13 2.37961e-13 7.61584e-14 2.4322e-14 7.75173e-15 2.4658e-15 7.82923e-16 2.48151e-16 7.85174e-17 2.47943e-17 7.79441e-18 2.39481e-18 6.31872e-19 0. 
0.52762 0.236498 0.102374 0.0425724 0.0171848 0.00676688 0.00260817 0.000986647 0.000367149 0.000134647 4.87438e-05 1.74423e-05 6.17669e-06 2.16679e-06 7.53639e-07 2.60093e-07 8.91259e-08 3.03419e-08 1.02677e-08 3.45534e-09 1.15685e-09 3.85473e-10 1.27873e-10 4.22442e-11 1.39018e-11 4.55823e-12 1.4895e-12 4.85168e-13 1.57554e-13 5.10182e-14 1.64759e-14 5.30713e-15 1.70537e-15 5.46731e-16 1.74892e-16 5.58191e-17 1.77526e-17 5.56083e-18 1.54932e-18 0. 
0.52762 0.237693 0.0794468 0.0256477 0.00824841 0.00265129 0.000851961 0.000273671 8.78706e-05 2.81987e-05 9.04373e-06 2.89847e-06 9.28247e-07 2.97035e-07 9.49678e-08 3.03356e-08 9.681e-09 3.08649e-09 9.83048e-10 3.12782e-10 9.94169e-11 3.15664e-11 1.00123e-11 3.17235e-12 1.00409e-12 3.17471e-13 1.00272e-13 3.16378e-14 9.97202e-15 3.1399e-15 9.87663e-16 3.10362e-16 9.74314e-17 3.05557e-17 9.57129e-18 2.99083e-18 9.25537e-19 2.73078e-19 6.35243e-20 0. 
0.52762 0.28428 0.109069 0.0394878 0.0139513 0.00484804 0.0016633 0.000564831 0.000190193 6.35893e-05 2.11318e-05 6.9856e-06 2.29859e-06 7.5324e-07 2.45926e-07 8.00246e-08 2.59608e-08 8.39839e-09 2.70986e-09 8.72266e-10 2.80137e-10 8.97784e-11 2.87147e-11 9.16673e-12 2.92109e-12 9.29247e-13 2.95127e-13 9.35854e-14 2.96317e-14 9.36875e-15 2.95805e-15 9.32723e-16 2.93725e-16 9.23814e-17 2.90175e-17 9.09678e-18 2.83353e-18 8.53425e-19 2.1198e-19 0. 
0.52762 0.283924 0.116511 0.0455118 0.0173018 0.00643732 0.00235192 0.000846041 0.00030029 0.000105349 3.65842e-05 1.25905e-05 4.29851e-06 1.45708e-06 4.90736e-07 1.64316e-07 5.47274e-08 1.81394e-08 5.98558e-09 1.96701e-09 6.43956e-10 2.10075e-10 6.8307e-11 2.21423e-11 7.15705e-12 2.30713e-12 7.41838e-13 2.37961e-13 7.61584e-14 2.4322e-14 7.75173e-15 2.4658e-15 7.82923e-16 2.48151e-16 7.85174e-17 2.47943e-17 7.79441e-18 2.39481e-18 6.31872e-19 0. 
0.52762 0.236498 0.102374 0.0425724 0.0171848 0.00676688 0.00260817 0.000986647 0.000367149 0.000134647 4.87438e-05 1.74423e-05 6.17669e-06 2.16679e-06 7.53639e-07 2.60093e-07 8.91259e-08 3.03419e-08 1.02677e-08 3.45534e-09 1.15685e-09 3.85473e-10 1.27873e-10 4.22442e-11 1.39018e-11 4.55823e-12 1.4895e-12 4.85168e-13 1.57554e-13 5.10182e-14 1.64759e-14 5.30713e-15 1.70537e-15 5.46731e-16 1.74892e-16 5.58191e-17 1.77526e-17 5.56083e-18 1.54932e-18 0. 
0.52762 0.237693 0.0794468 0.0256477 0.00824841 0.00265129 0.000851961 0.000273671 8.78706e-05 2.81987e-05 9.04373e-06 2.89847e-06 9.28247e-07 2.97035e-07 9.49678e-08 3.03356e-08 9.681e-09 3.08649e-09 9.83048e-10 3.12782e-10 9.94169e-11 3.15664e-11 1.00123e-11 3.17235e-12 1.00409e-12 3.17471e-13 1.00272e-13 3.16378e-14 9.97202e-15 3.1399e-15 9.87663e-16 3.10362e-16 9.74314e-17 3.05557e-17 9.57129e-18 2.99083e-18 9.25537e-19 2.73078e-19 6.35243e-20 0. 
0.52762 0.28428 0.109069 0.0394878 0.0139513 0.00484804 0.0016633 0.000564831 0.000190193 6.35893e-05 2.11318e-05 6.9856e-06 2.29859e-06 7.5324e-07 2.45926e-07 8.00246e-08 2.59608e-08 8.39839e-09 2.70986e-09 8.72266e-10 2.80137e-10 8.97784e-11 2.87147e-11 9.16673e-12 2.92109e-12 9.29247e-13 2.95127e-13 9.35854e-14 2.96317e-14 9.36875e-15 2.95805e-15 9.32723e-16 2.93725e-16 9.23814e-17 2.90175e-17 9.09678e-18 2.83353e-18 8.53425e-19 2.1198e-19 0. 
0.52762 0.283924 0.116511 0.0455118 0.0173018 0.00643732 0.00235192 0.000846041 0.00030029 0.000105349 3.65842e-05 1.25905e-05 4.29851e-06 1.45708e-06 4.90736e-07 1.64316e-07 5.47274e-08 1.81394e-08 5.98558e-09 1.96701e-09 6.43956e-10 2.10075e-10 6.8307e-11 2.21423e-11 7.15705e-12 2.30713e-12 7.41838e-13 2.37961e-13 7.61584e-14 2.4322e-14 7.75173e-15 2.4658e-15 7.82923e-16 2.48151e-16 7.85174e-17 2.47943e-17 7.79441e-18 2.39481e-18 6.31872e-19 0. 
0.52762 0.236498 0.102374 0.0425724 0.0171848 0.00676688 0.00260817 0.000986647 0.000367149 0.000134647 4.87438e-05 1.74423e-05 6.17669e-06 2.16679e-06 7.53639e-07 2.60093e-07 8.91259e-08 3.03419e-08 1.02677e-08 3.45534e-09 1.15685e-09 3.85473e-10 1.27873e-10 4.22442e-11 1.39018e-11 4.55823e-12 1.4895e-12 4.85168e-13 1.57554e-13 5.10182e-14 1.64759e-14 5.30713e-15 1.70537e-15 5.46731e-16 1.74892e-16 5.58191e-17 1.77526e-17 5.56083e-18 1.54932e-18 0. 
0.52762 0.238089 0.0793711 0.0254948 0.00814318 0.00259471 0.000824971 0.000261717 8.28445e-05 2.61661e-05 8.24654e-06 2.59349e-06 8.1396e-07 2.5495e-07 7.97025e-08 2.48704e-08 7.74677e-09 2.40888e-09 7.47818e-10 2.3179e-10 7.17359e-11 2.21693e-11 6.8417e-12 2.10863e-12 6.49057e-13 1.99543e-13 6.12744e-14 1.87947e-14 5.75866e-15 1.76261e-15 5.38965e-16 1.64645e-16 5.02499e-17 1.53227e-17 4.66805e-18 1.42025e-18 4.30129e-19 1.26732e-19 3.12093e-20 0. 
0.52762 0.285843 0.10896 0.0390665 0.0136457 0.00468031 0.00158237 0.000528719 0.000174928 5.73914e-05 1.86933e-05 6.05032e-06 1.94736e-06 6.23674e-07 1.98856e-07 6.31504e-08 1.99818e-08 6.30165e-09 1.98132e-09 6.21213e-10 1.94271e-10 6.0609e-11 1.8867e-11 5.861e-12 1.81719e-12 5.62397e-13 1.73759e-13 5.35993e-14 1.65088e-14 5.07756e-15 1.55959e-15 4.78422e-16 1.46584e-16 4.48603e-17 1.37137e-17 4.18707e-18 1.27493e-18 3.82093e-19 1.00769e-19 0. 
0.52762 0.289868 0.116555 0.0443766 0.0164255 0.00594513 0.0021115 0.000737921 0.000254332 8.66112e-05 2.91877e-05 9.74612e-06 3.22801e-06 1.06145e-06 3.46783e-07 1.1264e-07 3.63954e-08 1.17039e-08 3.74739e-09 1.19509e-09 3.79741e-10 1.20258e-10 3.79656e-11 1.19513e-11 3.75216e-12 1.17507e-12 3.67141e-13 1.14461e-13 3.56119e-14 1.10586e-14 3.42782e-15 1.06071e-15 3.27701e-16 1.01087e-16 3.11377e-17 9.57768e-18 2.94042e-18 8.95597e-19 2.51892e-19 0. 
0.52762 0.258637 0.103661 0.0395695 0.0146844 0.00532673 0.00189539 0.000663434 0.000228966 7.8063e-05 2.63333e-05 8.80072e-06 2.91714e-06 9.59887e-07 3.13794e-07 1.01981e-07 3.29676e-08 1.06064e-08 3.39738e-09 1.08387e-09 3.4452e-10 1.09139e-10 3.44654e-11 1.08524e-11 3.40801e-12 1.06754e-12 3.33619e-13 1.04031e-13 3.23731e-14 1.00546e-14 3.11716e-15 9.64736e-16 2.98095e-16 9.19678e-17 2.83327e-17 8.71651e-18 2.67812e-18 8.21824e-19 2.51892e-19 0. 
