# Nx=40 Ny=40
100. 97.4359 94.8717 92.3076 89.7434 87.1792 84.6149 82.0507 79.4865 76.9223 74.3581 71.7941 69.23 66.6657 64.1014 61.5371 58.9728 56.4084 53.8439 51.2794 48.7151 46.1509 43.5868 41.0227 38.4586 35.8944 33.3302 30.7661 28.2023 25.6388 23.0751 20.5113 17.9474 15.3835 12.8198 10.256 7.69203 5.12796 2.56392 0. 
100. 97.4359 94.8717 92.3076 89.7434 87.1792 84.6149 82.0507 79.4865 76.9223 74.3581 71.7941 69.23 66.6657 64.1014 61.5371 58.9728 56.4084 53.8439 51.2794 48.7151 46.1509 43.5868 41.0227 38.4586 35.8944 33.3302 30.7661 28.2023 25.6388 23.0751 20.5113 17.9474 15.3835 12.8198 10.256 7.69203 5.12796 2.56392 0. 
100. 97.4359 94.8718 92.3076 89.7434 87.1792 84.615 82.0507 79.4865 76.9223 74.3582 71.7941 69.2299 66.6656 64.1014 61.5372 58.9728 56.4083 53.8438 51.2794 48.715 46.1508 43.5867 41.0227 38.4585 35.8942 33.33 30.766 28.2024 25.6388 23.0751 20.5112 17.9474 15.3836 12.8199 10.256 7.69199 5.12788 2.56386 0. 
100. 97.4359 94.8718 92.3075 89.7434 87.1792 84.615 82.0506 79.4865 76.9223 74.3582 71.794 69.2298 66.6656 64.1014 61.5372 58.9729 56.4085 53.8438 51.2792 48.7149 46.1507 43.5866 41.0225 38.4582 35.894 33.3299 30.7661 28.2024 25.6388 23.075 20.5112 17.9474 15.3837 12.8199 10.256 7.69189 5.12778 2.56382 0. 
100. 97.4359 94.8717 92.3077 89.7434 87.1792 84.615 82.0507 79.4864 76.9222 74.3581 71.794 69.2298 66.6656 64.1013 61.537 58.9727 56.4084 53.8439 51.2793 48.715 46.1508 43.5867 41.0226 38.4583 35.8941 33.33 30.7661 28.2024 25.6388 23.075 20.5112 17.9473 15.3836 12.8199 10.2559 7.69186 5.12775 2.56379 0. 
100. 97.4359 94.8718 92.3076 89.7434 87.1792 84.6149 82.0507 79.4865 76.9223 74.358 71.7939 69.2298 66.6656 64.1012 61.5369 58.9727 56.4083 53.8438 51.2793 48.7151 46.151 43.5868 41.0225 38.4582 35.894 33.33 30.7662 28.2024 25.6387 23.0749 20.5111 17.9474 15.3836 12.8198 10.2559 7.69177 5.12769 2.56377 0. 
100. 97.4359 94.8717 92.3076 89.7434 87.1792 84.6149 82.0507 79.4864 76.9222 74.3579 71.7938 69.2296 66.6654 64.1011 61.5369 58.9726 56.4081 53.8436 51.2792 48.715 46.1508 43.5866 41.0223 38.4581 35.8941 33.3301 30.7663 28.2025 25.6387 23.0749 20.5112 17.9474 15.3837 12.8199 10.2559 7.69174 5.12767 2.56376 0. 
100. 97.4359 94.8718 92.3076 89.7434 87.1791 84.6149 82.0506 79.4863 76.9221 74.3579 71.7937 69.2295 66.6653 64.101 61.5367 58.9725 56.408 53.8434 51.2791 48.7148 46.1506 43.5864 41.0221 38.458 35.894 33.33 30.7661 28.2023 25.6385 23.0748 20.5111 17.9474 15.3837 12.8198 10.2559 7.69175 5.12768 2.56377 0. 
100. 97.4359 94.8718 92.3076 89.7434 87.1791 84.6148 82.0505 79.4863 76.922 74.3577 71.7936 69.2295 66.6653 64.1009 61.5367 58.9725 56.4081 53.8436 51.2791 48.7149 46.1507 43.5864 41.0222 38.4581 35.8941 33.3301 30.7662 28.2023 25.6385 23.0748 20.511 17.9472 15.3835 12.8197 10.2558 7.69173 5.12767 2.56376 0. 
100. 97.4359 94.8718 92.3076 89.7433 87.1791 84.6147 82.0504 79.4861 76.9218 74.3576 71.7935 69.2294 66.6652 64.101 61.5368 58.9725 56.4081 53.8435 51.279 48.7147 46.1504 43.5862 41.022 38.458 35.8941 33.3301 30.7662 28.2023 25.6385 23.0748 20.511 17.9472 15.3834 12.8196 10.2557 7.69171 5.1277 2.5638 0. 
100. 97.4359 94.8718 92.3075 89.7434 87.1791 84.6147 82.0503 79.486 76.9217 74.3574 71.7932 69.2291 66.6649 64.1007 61.5365 58.9723 56.4079 53.8434 51.2789 48.7146 46.1503 43.5861 41.022 38.458 35.8941 33.3301 30.7662 28.2024 25.6386 23.0748 20.5109 17.9471 15.3833 12.8195 10.2557 7.69169 5.1277 2.5638 0. 
100. 97.4358 94.8717 92.3075 89.7433 87.179 84.6146 82.0502 79.4859 76.9215 74.3572 71.793 69.2288 66.6646 64.1004 61.5363 58.9722 56.4079 53.8434 51.2788 48.7144 46.1501 43.586 41.0219 38.4579 35.8939 33.33 30.7661 28.2023 25.6385 23.0747 20.5108 17.947 15.3832 12.8195 10.2556 7.69166 5.12768 2.5638 0. 
100. 97.4359 94.8717 92.3075 89.7433 87.1789 84.6145 82.0501 79.4858 76.9214 74.3571 71.7929 69.2289 66.6647 64.1005 61.5363 58.9722 56.408 53.8434 51.2789 48.7145 46.1502 43.586 41.0219 38.458 35.894 33.33 30.7661 28.2023 25.6385 23.0746 20.5107 17.9468 15.383 12.8193 10.2555 7.69159 5.12765 2.56378 0. 
100. 97.4358 94.8717 92.3074 89.7431 87.1788 84.6144 82.05 79.4857 76.9213 74.3571 71.7929 69.2287 66.6645 64.1003 61.5361 58.972 56.4077 53.8432 51.2788 48.7144 46.1501 43.5859 41.0218 38.4578 35.8939 33.3299 30.7661 28.2023 25.6385 23.0746 20.5107 17.9468 15.3829 12.8192 10.2554 7.69149 5.1276 2.56377 0. 
100. 97.4358 94.8716 92.3073 89.743 87.1787 84.6142 82.0498 79.4855 76.9211 74.3568 71.7925 69.2284 66.6643 64.1001 61.536 58.9719 56.4076 53.8431 51.2786 48.7143 46.1501 43.5859 41.0218 38.4578 35.8938 33.3299 30.7661 28.2023 25.6385 23.0746 20.5107 17.9467 15.3829 12.8191 10.2553 7.69141 5.12755 2.56375 0. 
100. 97.4357 94.8715 92.3073 89.743 87.1785 84.614 82.0496 79.4852 76.9208 74.3565 71.7923 69.2283 66.6642 64.1 61.5359 58.9718 56.4075 53.843 51.2785 48.7142 46.15 43.5858 41.0216 38.4576 35.8936 33.3297 30.7659 28.2021 25.6384 23.0745 20.5106 17.9466 15.3828 12.819 10.2552 7.69135 5.12751 2.56373 0. 
100. 97.4358 94.8715 92.3072 89.7429 87.1785 84.614 82.0495 79.4852 76.9208 74.3565 71.7923 69.2282 66.6641 64.0999 61.5358 58.9717 56.4075 53.8431 51.2786 48.7143 46.1501 43.5859 41.0217 38.4577 35.8937 33.3298 30.7659 28.2021 25.6383 23.0744 20.5105 17.9465 15.3827 12.8189 10.2551 7.69127 5.12746 2.5637 0. 
100. 97.4357 94.8715 92.3071 89.7427 87.1783 84.6139 82.0494 79.485 76.9205 74.3562 71.792 69.2279 66.6638 64.0997 61.5356 58.9716 56.4073 53.8429 51.2785 48.7142 46.15 43.5858 41.0216 38.4576 35.8936 33.3297 30.7658 28.202 25.6382 23.0743 20.5104 17.9465 15.3827 12.8188 10.255 7.69118 5.12739 2.56367 0. 
100. 97.4357 94.8713 92.3069 89.7426 87.1782 84.6137 82.0492 79.4848 76.9204 74.3561 71.7918 69.2277 66.6636 64.0994 61.5354 58.9713 56.4071 53.8427 51.2784 48.7142 46.15 43.5858 41.0217 38.4577 35.8937 33.3297 30.7658 28.2019 25.6381 23.0743 20.5104 17.9465 15.3826 12.8187 10.2549 7.69108 5.12732 2.56363 0. 
100. 97.4356 94.8712 92.3068 89.7424 87.1779 84.6135 82.0491 79.4847 76.9203 74.3559 71.7917 69.2275 66.6633 64.0992 61.5351 58.9711 56.4069 53.8426 51.2782 48.7141 46.1499 43.5858 41.0217 38.4576 35.8935 33.3295 30.7656 28.2017 25.638 23.0742 20.5104 17.9464 15.3825 12.8187 10.2548 7.691 5.12725 2.5636 0. 
100. 97.4356 94.8712 92.3068 89.7424 87.1779 84.6134 82.049 79.4846 76.9202 74.3558 71.7916 69.2275 66.6634 64.0991 61.535 58.971 56.4069 53.8426 51.2783 48.7141 46.15 43.5859 41.0218 38.4577 35.8936 33.3296 30.7656 28.2017 25.6379 23.0741 20.5102 17.9463 15.3824 12.8185 10.2547 7.69091 5.12719 2.56356 0. 
100. 97.4355 94.8711 92.3066 89.7421 87.1776 84.6131 82.0487 79.4843 76.92 74.3558 71.7916 69.2274 66.6632 64.099 61.5349 58.9708 56.4067 53.8424 51.2781 48.714 46.1499 43.5859 41.0218 38.4577 35.8936 33.3296 30.7656 28.2017 25.6378 23.074 20.5101 17.9462 15.3823 12.8184 10.2546 7.69082 5.12713 2.56353 0. 
100. 97.4355 94.871 92.3064 89.742 87.1775 84.613 82.0486 79.4842 76.9199 74.3556 71.7913 69.2272 66.6629 64.0987 61.5346 58.9706 56.4064 53.8422 51.278 48.7139 46.1499 43.5859 41.0219 38.4578 35.8937 33.3297 30.7657 28.2017 25.6378 23.0739 20.51 17.9461 15.3822 12.8183 10.2545 7.69072 5.12706 2.5635 0. 
100. 97.4354 94.8709 92.3064 89.7419 87.1774 84.6129 82.0485 79.484 76.9197 74.3553 71.7911 69.227 66.6628 64.0985 61.5344 58.9704 56.4063 53.842 51.2778 48.7138 46.1499 43.5859 41.0218 38.4578 35.8937 33.3296 30.7656 28.2016 25.6377 23.0738 20.5099 17.9459 15.382 12.8182 10.2544 7.69063 5.12699 2.56346 0. 
100. 97.4355 94.8709 92.3064 89.7418 87.1773 84.6128 82.0484 79.4841 76.9197 74.3554 71.7911 69.227 66.6628 64.0984 61.5343 58.9703 56.4062 53.842 51.2778 48.7138 46.1499 43.586 41.022 38.4579 35.8938 33.3297 30.7656 28.2016 25.6376 23.0737 20.5097 17.9458 15.3819 12.818 10.2543 7.69055 5.12694 2.56343 0. 
100. 97.4353 94.8708 92.3061 89.7416 87.1771 84.6127 82.0483 79.484 76.9196 74.3553 71.791 69.2268 66.6626 64.0983 61.5341 58.97 56.4059 53.8418 51.2777 48.7137 46.1498 43.5859 41.022 38.4579 35.8938 33.3297 30.7656 28.2016 25.6376 23.0736 20.5096 17.9457 15.3818 12.8179 10.2542 7.69048 5.12689 2.56341 0. 
100. 97.4353 94.8707 92.306 89.7415 87.177 84.6125 82.0481 79.4838 76.9195 74.3551 71.7909 69.2267 66.6624 64.098 61.5339 58.9698 56.4057 53.8416 51.2776 48.7137 46.1499 43.586 41.022 38.4579 35.8938 33.3298 30.7657 28.2017 25.6376 23.0736 20.5095 17.9456 15.3816 12.8178 10.2541 7.6904 5.12684 2.56339 0. 
100. 97.4353 94.8706 92.306 89.7414 87.1768 84.6124 82.048 79.4837 76.9194 74.3551 71.7908 69.2265 66.6622 64.0979 61.5337 58.9697 56.4056 53.8415 51.2775 48.7136 46.1498 43.5859 41.0219 38.4579 35.8938 33.3298 30.7657 28.2016 25.6376 23.0735 20.5094 17.9454 15.3815 12.8177 10.254 7.69031 5.12678 2.56336 0. 
100. 97.4353 94.8706 92.306 89.7414 87.1769 84.6124 82.0481 79.4838 76.9194 74.3551 71.7908 69.2265 66.6622 64.0978 61.5336 58.9695 56.4055 53.8415 51.2775 48.7137 46.1499 43.586 41.022 38.458 35.8939 33.3298 30.7657 28.2016 25.6375 23.0734 20.5094 17.9454 15.3814 12.8176 10.2539 7.69024 5.12672 2.56332 0. 
100. 97.4352 94.8706 92.306 89.7413 87.1768 84.6123 82.048 79.4836 76.9193 74.355 71.7907 69.2263 66.662 64.0976 61.5334 58.9693 56.4053 53.8413 51.2774 48.7136 46.1498 43.5859 41.022 38.458 35.8939 33.3298 30.7657 28.2016 25.6375 23.0734 20.5093 17.9453 15.3814 12.8175 10.2538 7.69016 5.12667 2.5633 0. 
100. 97.4353 94.8705 92.3058 89.7413 87.1768 84.6123 82.0479 79.4836 76.9193 74.3549 71.7905 69.2262 66.6618 64.0975 61.5332 58.9692 56.4052 53.8413 51.2774 48.7136 46.1498 43.586 41.022 38.458 35.8938 33.3298 30.7657 28.2016 25.6375 23.0734 20.5093 17.9452 15.3813 12.8174 10.2537 7.69007 5.1266 2.56327 0. 
100. 97.4352 94.8705 92.3058 89.7413 87.1768 84.6124 82.048 79.4836 76.9192 74.3548 71.7905 69.2261 66.6617 64.0973 61.5331 58.9691 56.4051 53.8412 51.2774 48.7136 46.1499 43.586 41.022 38.4579 35.8938 33.3297 30.7657 28.2016 25.6375 23.0734 20.5092 17.9451 15.3811 12.8173 10.2535 7.68995 5.12652 2.56322 0. 
100. 97.4353 94.8705 92.3059 89.7413 87.1768 84.6124 82.048 79.4837 76.9193 74.3548 71.7905 69.2261 66.6616 64.0972 61.533 58.969 56.4051 53.8412 51.2774 48.7137 46.1499 43.586 41.022 38.4579 35.8938 33.3297 30.7657 28.2016 25.6375 23.0734 20.5092 17.9451 15.3811 12.8172 10.2534 7.68985 5.12644 2.56318 0. 
100. 97.4352 94.8705 92.3058 89.7412 87.1768 84.6124 82.048 79.4837 76.9192 74.3548 71.7904 69.2259 66.6614 64.0971 61.5329 58.9689 56.405 53.8412 51.2775 48.7138 46.1499 43.586 41.0219 38.4578 35.8937 33.3297 30.7657 28.2017 25.6375 23.0734 20.5092 17.945 15.381 12.817 10.2533 7.68975 5.12639 2.56316 0. 
100. 97.4352 94.8705 92.3058 89.7413 87.1769 84.6124 82.048 79.4838 76.9193 74.3547 71.7902 69.2258 66.6613 64.097 61.5328 58.9688 56.405 53.8413 51.2776 48.7138 46.15 43.5859 41.0218 38.4577 35.8936 33.3297 30.7657 28.2017 25.6376 23.0734 20.5091 17.9449 15.3808 12.8169 10.2532 7.68965 5.12633 2.56314 0. 
100. 97.4352 94.8705 92.3059 89.7414 87.1769 84.6124 82.0481 79.4838 76.9193 74.3547 71.7902 69.2257 66.6612 64.0968 61.5327 58.9688 56.405 53.8414 51.2777 48.7139 46.15 43.5859 41.0217 38.4576 35.8936 33.3297 30.7658 28.2018 25.6376 23.0734 20.5091 17.9448 15.3806 12.8167 10.253 7.68954 5.12627 2.56312 0. 
100. 97.4353 94.8705 92.3059 89.7414 87.1769 84.6126 82.0482 79.4838 76.9193 74.3548 71.7902 69.2256 66.6611 64.0967 61.5326 58.9688 56.405 53.8414 51.2777 48.714 46.1501 43.5859 41.0217 38.4576 35.8936 33.3297 30.7658 28.2018 25.6376 23.0734 20.509 17.9447 15.3805 12.8166 10.2529 7.68945 5.12622 2.56309 0. 
100. 97.4352 94.8706 92.3059 89.7413 87.1768 84.6126 82.0482 79.4838 76.9193 74.3549 71.7901 69.2255 66.661 64.0967 61.5326 58.9687 56.405 53.8414 51.2778 48.7141 46.1501 43.5859 41.0216 38.4575 35.8935 33.3297 30.7658 28.2018 25.6377 23.0734 20.509 17.9446 15.3804 12.8165 10.2528 7.68943 5.12623 2.56311 0. 
100. 97.4353 94.8704 92.3059 89.7415 87.1768 84.6126 82.0483 79.484 76.9193 74.3549 71.7901 69.2254 66.6609 64.0966 61.5325 58.9686 56.405 53.8415 51.278 48.7142 46.1501 43.5858 41.0215 38.4574 35.8935 33.3297 30.7659 28.2019 25.6377 23.0734 20.5089 17.9445 15.3803 12.8163 10.2527 7.68941 5.12624 2.56312 0. 
100. 97.4352 94.8704 92.3058 89.7416 87.1767 84.6125 82.0483 79.4842 76.9192 74.3549 71.7901 69.2253 66.6608 64.0965 61.5323 58.9685 56.405 53.8416 51.2782 48.7143 46.1501 43.5857 41.0214 38.4574 35.8936 33.3298 30.766 28.202 25.6378 23.0733 20.5088 17.9443 15.3801 12.8162 10.2527 7.6894 5.12625 2.56312 0. 
