# Nx=10 Ny=10
-1.25193e+06 515973. 156916. 45434.4 11800.8 413.1 11.047 -24.5498 -12.4077 0. 
-1.25193e+06 -59628.4 65579.8 39954. 15021.4 3210.92 843.855 213.296 49.3481 0. 
-1.25193e+06 -1973.34 106173. 59691.4 22355.1 4636.81 1200.78 290.155 62.1708 0. 
-1.25193e+06 28427.1 128353. 70238.1 25954.8 4828.39 1271.17 315.125 70.0687 0. 
-1.25193e+06 29645. 129493. 70921.4 26265.3 4484.78 1124.81 257.643 50.7728 0. 
-1.25193e+06 29645. 129493. 70921.4 26265.3 4484.78 1124.81 257.643 50.7728 0. 
-1.25193e+06 28427.1 128353. 70238.1 25954.8 4828.39 1271.17 315.125 70.0687 0. 
-1.25193e+06 -1973.34 106173. 59691.4 22355.1 4636.81 1200.78 290.155 62.1708 0. 
-1.25193e+06 -59628.4 65579.8 39954. 15021.4 3210.92 843.855 213.296 49.3481 0. 
-1.25193e+06 515973. 156916. 45434.4 11800.8 413.1 11.047 -24.5498 -12.4077 0. 
