# Nx=10 Ny=10
100. 88.886 77.7778 66.6658 55.5558 44.4452 33.3342 22.2243 11.1122 0. 
100.002 88.888 77.7768 66.6658 55.5561 44.4455 33.3342 22.2239 11.1123 -0.000864323 
100.002 88.8889 77.7766 66.6661 55.5559 44.4455 33.335 22.2238 11.1116 -0.00101374 
99.9986 88.8894 77.7788 66.6681 55.5557 44.4445 33.3343 22.222 11.1114 0.00115608 
99.999 88.8895 77.7779 66.6677 55.556 44.4442 33.3336 22.2222 11.1109 -0.000827542 
99.9972 88.8899 77.7775 66.6669 55.5555 44.4438 33.3328 22.2228 11.1108 -0.00201829 
100. 88.8901 77.7773 66.6664 55.555 44.4434 33.332 22.2196 11.1087 0.00185187 
100.002 88.8884 77.7763 66.6661 55.555 44.4432 33.3327 22.2202 11.1096 0.00537293 
100.001 88.8875 77.7775 66.6659 55.555 44.4435 33.3323 22.2204 11.1086 5.92047e-05 
100. 88.8869 77.7789 66.6641 55.5563 44.4442 33.3307 22.2208 11.1092 0. 
