# Nx=10 Ny=10
99.9999 88.889 77.7791 66.6674 55.5558 44.4422 33.3308 22.2204 11.1101 0. 
99.9999 88.889 77.7782 66.6669 55.5553 44.4433 33.3319 22.2211 11.1105 0. 
99.9999 88.8889 77.7779 66.6666 55.5552 44.4437 33.3325 22.2215 11.1107 0. 
99.9999 88.8889 77.7777 66.6665 55.5552 44.4439 33.3327 22.2217 11.1108 0. 
99.9999 88.8888 77.7777 66.6665 55.5552 44.444 33.3329 22.2218 11.1109 0. 
99.9999 88.8888 77.7777 66.6665 55.5552 44.444 33.3329 22.2218 11.1109 0. 
99.9999 88.8889 77.7777 66.6665 55.5552 44.4439 33.3327 22.2217 11.1108 0. 
99.9999 88.8889 77.7779 66.6666 55.5552 44.4437 33.3325 22.2215 11.1107 0. 
99.9999 88.889 77.7782 66.6669 55.5553 44.4433 33.3319 22.2211 11.1105 0. 
99.9999 88.889 77.7791 66.6674 55.5558 44.4422 33.3308 22.2204 11.1101 0. 
