# Nx=10 Ny=10
10.2358 0. 0. 0. 0. 0. 0. 0. 0. 0. 
10.2358 2.74261 0.734629 0.195901 0.0489752 0. 0. 0. 0. 0. 
10.2358 2.74261 0.734629 0.195901 0.0489752 0. 0. 0. 0. 0. 
10.2358 2.74261 0.734629 0.195901 0.0489752 0. 0. 0. 0. 0. 
10.2358 2.74261 0.734629 0.195901 0.0489752 0. 0. 0. 0. 0. 
10.2358 2.74261 0.734629 0.195901 0.0489752 0. 0. 0. 0. 0. 
10.2358 2.74261 0.734629 0.195901 0.0489752 0. 0. 0. 0. 0. 
10.2358 2.74261 0.734629 0.195901 0.0489752 0. 0. 0. 0. 0. 
10.2358 2.74261 0.734629 0.195901 0.0489752 0. 0. 0. 0. 0. 
10.2358 0. 0. 0. 0. 0. 0. 0. 0. 0. 
