# Nx=10 Ny=10
100. 88.8894 77.7783 66.6673 55.5556 44.4441 33.333 22.2224 11.1114 0. 
100. 88.889 77.7779 66.6666 55.5553 44.4448 33.3333 22.2222 11.1112 0. 
100. 88.8892 77.7782 66.667 55.5556 44.4443 33.3333 22.2224 11.1113 0. 
100. 88.8891 77.7779 66.6664 55.5554 44.4446 33.3333 22.2223 11.1112 0. 
100. 88.8889 77.7779 66.6666 55.5556 44.4443 33.3332 22.2222 11.1112 0. 
100. 88.889 77.7777 66.6663 55.5554 44.4446 33.3334 22.2221 11.1111 0. 
100. 88.8888 77.7778 66.6667 55.5559 44.4444 33.3333 22.2221 11.111 0. 
100. 88.8886 77.7775 66.6665 55.5556 44.4447 33.3332 22.222 11.111 0. 
100. 88.8886 77.7775 66.6665 55.5559 44.4446 33.3335 22.2223 11.1113 0. 
100. 88.8882 77.7775 66.6667 55.5555 44.445 33.3336 22.2219 11.1109 0. 
