# Nx=80 Ny=80
-0.00441239 -0.0102688 -0.00939731 -0.00980336 -0.00971033 -0.00947359 -0.00926493 -0.00879164 -0.00851615 -0.00825345 -0.0081064 -0.00805561 -0.00798935 -0.00793122 -0.00783457 -0.00773645 -0.00763083 -0.0075225 -0.00741335 -0.00726499 -0.00715618 -0.00701673 -0.00689432 -0.00674265 -0.00659165 -0.00646772 -0.00634453 -0.00622763 -0.00604938 -0.0058874 -0.00575848 -0.00558637 -0.00545427 -0.00530896 -0.00516045 -0.00505356 -0.00491361 -0.00477823 -0.00466991 -0.00456916 -0.00447398 -0.00438015 -0.00425827 -0.00413626 -0.00403633 -0.00393466 -0.00380834 -0.00373068 -0.00362901 -0.00352765 -0.00344004 -0.00329758 -0.00320332 -0.00307548 -0.00296072 -0.00285461 -0.00272352 -0.00259837 -0.00250386 -0.00238469 -0.00226384 -0.00218184 -0.00205311 -0.00193979 -0.00185562 -0.00169597 -0.00160682 -0.00146403 -0.001351 -0.0012312 -0.00108796 -0.000978025 -0.000838705 -0.00072429 -0.000597762 -0.000436446 -0.000330911 -0.000221129 -0.000148051 0. 
-0.00340585 -0.00869845 -0.00956284 -0.00972836 -0.00968681 -0.0095004 -0.00922636 -0.00885031 -0.00852318 -0.00827831 -0.00813578 -0.0080633 -0.00799397 -0.00793037 -0.00783549 -0.00773043 -0.00763303 -0.00752109 -0.00740697 -0.0072745 -0.00715472 -0.00701743 -0.00688128 -0.00674354 -0.00660584 -0.00646807 -0.00633966 -0.00621196 -0.00604976 -0.00590084 -0.00574735 -0.00559324 -0.00544998 -0.00530665 -0.00517327 -0.00504417 -0.00491161 -0.00478177 -0.0046766 -0.0045691 -0.00446712 -0.0043721 -0.00425658 -0.00414087 -0.00403522 -0.00392947 -0.00382332 -0.00372604 -0.00363117 -0.00353157 -0.00342994 -0.00331094 -0.00319568 -0.00307758 -0.00296273 -0.00284908 -0.00272634 -0.00260568 -0.0024953 -0.002385 -0.00227248 -0.00216831 -0.00205432 -0.00194608 -0.00183938 -0.00171064 -0.00159421 -0.00146942 -0.00134952 -0.00122672 -0.00110033 -0.000972505 -0.000845451 -0.000715501 -0.000592743 -0.000450606 -0.00033606 -0.000225557 -0.000114342 2.97555e-05 
-0.00335036 -0.00908341 -0.00993149 -0.0096648 -0.00973893 -0.00952499 -0.00925508 -0.00889211 -0.00858077 -0.00831416 -0.00816533 -0.00809594 -0.00801558 -0.00793879 -0.00784205 -0.00773435 -0.00763128 -0.00752281 -0.0074158 -0.00728275 -0.00714805 -0.00700961 -0.00687784 -0.00674583 -0.00661036 -0.00647618 -0.00633884 -0.00619631 -0.0060381 -0.00590132 -0.00574362 -0.00559848 -0.00544423 -0.00529543 -0.00517226 -0.0050365 -0.00490975 -0.00478214 -0.00467334 -0.00456384 -0.0044588 -0.00435846 -0.00424579 -0.00414634 -0.00403344 -0.00392701 -0.0038293 -0.00373285 -0.00364138 -0.00353342 -0.00342687 -0.00331571 -0.00319331 -0.00308349 -0.00296239 -0.00284436 -0.0027374 -0.00260531 -0.00248576 -0.00238443 -0.00226822 -0.00215104 -0.00204966 -0.00193975 -0.00182632 -0.00170802 -0.00158822 -0.00147445 -0.0013474 -0.0012226 -0.00110719 -0.000974286 -0.000847098 -0.0007143 -0.000598523 -0.000458919 -0.000334576 -0.00023261 -0.000126057 2.47902e-06 
-0.00241365 -0.00884034 -0.0101604 -0.00984653 -0.00972976 -0.00950092 -0.00926641 -0.00893583 -0.00862969 -0.00838071 -0.00820796 -0.00813394 -0.00803346 -0.00793232 -0.00784869 -0.00775599 -0.00763768 -0.0075175 -0.00742318 -0.00728221 -0.00713257 -0.00699997 -0.00689977 -0.00674652 -0.00659103 -0.0064832 -0.00634645 -0.00619065 -0.00602727 -0.00587504 -0.005729 -0.00560038 -0.00543871 -0.00528823 -0.00515045 -0.00502304 -0.0049224 -0.00477873 -0.00464964 -0.00455652 -0.00446858 -0.00435196 -0.00423108 -0.00414373 -0.00403509 -0.00392945 -0.00382533 -0.00372736 -0.00364299 -0.00353289 -0.00342447 -0.00330819 -0.00318777 -0.00309698 -0.00296357 -0.00283749 -0.00273989 -0.00260597 -0.00248113 -0.0023712 -0.00225167 -0.00213557 -0.00202521 -0.00191782 -0.00181267 -0.00168893 -0.00157744 -0.00147454 -0.00134231 -0.00121919 -0.0010877 -0.00096062 -0.00085801 -0.000723316 -0.000592723 -0.00044836 -0.000323292 -0.000227902 -0.000122139 2.36451e-05 
-0.00298643 -0.0089222 -0.0100033 -0.00975763 -0.00976599 -0.00958644 -0.00936224 -0.00905632 -0.00869095 -0.00844236 -0.00826993 -0.00816757 -0.00806145 -0.00794359 -0.00785242 -0.00776306 -0.00764467 -0.0075261 -0.00742117 -0.00728632 -0.00715488 -0.007021 -0.00689937 -0.00674795 -0.00659352 -0.00645856 -0.00631276 -0.00617348 -0.00603368 -0.00586868 -0.0057088 -0.0055725 -0.00542792 -0.0053058 -0.00515899 -0.00500568 -0.004913 -0.00477548 -0.00464639 -0.0045498 -0.00445908 -0.00433811 -0.00422115 -0.00413087 -0.00403102 -0.00394479 -0.00384227 -0.00373241 -0.00363693 -0.0035388 -0.00344721 -0.00333124 -0.00319334 -0.00309596 -0.00296296 -0.00283692 -0.00272933 -0.00260202 -0.00249194 -0.00237054 -0.0022411 -0.00213609 -0.00202024 -0.00190268 -0.00180857 -0.00169186 -0.001567 -0.00145258 -0.00133904 -0.00122843 -0.00109153 -0.000952364 -0.00085136 -0.00070139 -0.000566603 -0.000456267 -0.000333208 -0.000232087 -0.000127093 -5.744e-06 
-0.0033641 -0.00911534 -0.00988209 -0.00965374 -0.00968329 -0.00957819 -0.00938217 -0.00909274 -0.00874712 -0.00856298 -0.00833533 -0.00816439 -0.00806139 -0.00796799 -0.00785168 -0.00773869 -0.00765612 -0.00755479 -0.00741777 -0.00728036 -0.00717732 -0.00701657 -0.00686263 -0.00674445 -0.0066196 -0.00645254 -0.00628929 -0.00614323 -0.00601322 -0.0058689 -0.00571844 -0.00556065 -0.00540831 -0.00529406 -0.00515876 -0.00500818 -0.00489502 -0.00477171 -0.00467478 -0.00455136 -0.00442539 -0.0043346 -0.00424147 -0.00412423 -0.00401476 -0.00393061 -0.00384667 -0.00375365 -0.0036389 -0.00352784 -0.0034332 -0.00332488 -0.00320164 -0.00308757 -0.00296309 -0.0028543 -0.00271917 -0.00258935 -0.00248854 -0.00234998 -0.00222534 -0.00213343 -0.00199518 -0.00187562 -0.00178242 -0.00168204 -0.00157149 -0.00144898 -0.00131933 -0.00121543 -0.0010968 -0.000948588 -0.000835707 -0.00070982 -0.000579466 -0.000474517 -0.000366596 -0.000244812 -0.000100239 3.15852e-05 
-0.00328454 -0.00917631 -0.00988544 -0.00951323 -0.00962228 -0.00955971 -0.00933331 -0.00905914 -0.00878289 -0.00856878 -0.00832979 -0.00816422 -0.00804431 -0.00795142 -0.00784046 -0.00773693 -0.00765213 -0.00756023 -0.00744058 -0.00729666 -0.00717697 -0.00701734 -0.00686579 -0.006732 -0.00659838 -0.00645132 -0.00628724 -0.00611839 -0.00596659 -0.00583587 -0.00571646 -0.00557738 -0.00540669 -0.00527309 -0.00516357 -0.00503473 -0.00490483 -0.00477209 -0.00467609 -0.00455466 -0.00442954 -0.00433375 -0.004243 -0.00412941 -0.00402216 -0.00392134 -0.00383639 -0.00375595 -0.00364479 -0.00353081 -0.00341505 -0.00332048 -0.00321173 -0.00308365 -0.00294946 -0.00284264 -0.00272329 -0.00258424 -0.00247656 -0.00235791 -0.00223079 -0.00211956 -0.00198763 -0.00187871 -0.00176166 -0.00165536 -0.0015663 -0.00145664 -0.00131898 -0.00119838 -0.001088 -0.000947901 -0.000821277 -0.000701282 -0.000583516 -0.000466276 -0.000345842 -0.000242196 -0.000134971 9.5068e-06 
-0.00251088 -0.00874246 -0.00999983 -0.00962001 -0.00954912 -0.00953471 -0.00935296 -0.00914839 -0.00886953 -0.0085992 -0.00831523 -0.0081534 -0.00802702 -0.00791456 -0.00783218 -0.00775859 -0.00765565 -0.00754604 -0.00744954 -0.00730489 -0.00715477 -0.00701131 -0.00689652 -0.00672966 -0.00655516 -0.00641481 -0.00627418 -0.00611972 -0.00597014 -0.00582555 -0.00569349 -0.00557586 -0.00542655 -0.00527444 -0.00514366 -0.00502697 -0.00491713 -0.00477947 -0.00466239 -0.0045644 -0.00446653 -0.00434272 -0.00421372 -0.00411351 -0.00403444 -0.00393076 -0.00383063 -0.00372991 -0.00362225 -0.00353083 -0.00340886 -0.00329962 -0.00319313 -0.00308347 -0.00294145 -0.00282249 -0.00271605 -0.00258273 -0.0024611 -0.00234768 -0.00222231 -0.00208723 -0.00195074 -0.00186788 -0.00175483 -0.00163993 -0.00154725 -0.00145776 -0.00132821 -0.00119599 -0.00107172 -0.000941701 -0.000827602 -0.000718562 -0.000598186 -0.000476476 -0.000363848 -0.000260773 -0.000146247 -3.50008e-06 
-0.00305448 -0.00881785 -0.00991449 -0.00956881 -0.00957642 -0.0095684 -0.00941048 -0.00919148 -0.00885565 -0.00856811 -0.00828429 -0.00812987 -0.00800269 -0.00789496 -0.00782783 -0.00776334 -0.00766057 -0.00755001 -0.00744636 -0.00731082 -0.00717494 -0.00702618 -0.00688965 -0.00672093 -0.00655109 -0.00639738 -0.00624245 -0.00611571 -0.00598553 -0.00582095 -0.00567626 -0.00555457 -0.0054225 -0.0053001 -0.00516258 -0.00501844 -0.00493076 -0.00480544 -0.00467351 -0.00456886 -0.00447622 -0.00435192 -0.00422481 -0.00412114 -0.00403899 -0.00394424 -0.00384059 -0.00373219 -0.00361802 -0.0035285 -0.00342321 -0.00330579 -0.00317734 -0.0030761 -0.00294515 -0.00281101 -0.0026963 -0.00257518 -0.00246562 -0.00234212 -0.00221019 -0.00209618 -0.00196061 -0.00185881 -0.00175593 -0.0016459 -0.00153865 -0.00143263 -0.00133011 -0.00120788 -0.00106361 -0.000924041 -0.00082542 -0.000691854 -0.000562896 -0.000464349 -0.000361137 -0.000256758 -0.000138603 9.45319e-06 
-0.00326636 -0.00879631 -0.00977209 -0.00952394 -0.00955745 -0.00957531 -0.00944349 -0.00920994 -0.00887113 -0.00861591 -0.00831809 -0.00809114 -0.00798124 -0.00791428 -0.00783052 -0.00774607 -0.00767726 -0.00757939 -0.00744209 -0.00730248 -0.00719331 -0.00701449 -0.00684297 -0.00671132 -0.00657657 -0.00639552 -0.00622073 -0.00608384 -0.00595549 -0.00583071 -0.00570549 -0.00554921 -0.0053996 -0.005292 -0.00516429 -0.00502746 -0.00492258 -0.0048109 -0.0047098 -0.00458222 -0.00445363 -0.00436182 -0.00425589 -0.00412484 -0.00401675 -0.00392322 -0.00384652 -0.00375203 -0.00361459 -0.00349742 -0.00339133 -0.0032931 -0.00317917 -0.00306276 -0.00293524 -0.00282007 -0.0026891 -0.00256181 -0.00246 -0.00231748 -0.00218851 -0.00209088 -0.00194042 -0.00182469 -0.00172721 -0.00164572 -0.00154936 -0.00142873 -0.00130106 -0.0011978 -0.00106959 -0.000921348 -0.000805976 -0.00069413 -0.000582752 -0.000481873 -0.000386772 -0.000270819 -0.000114082 3.24606e-05 
-0.00343161 -0.00883822 -0.00962694 -0.00945432 -0.00961634 -0.00962157 -0.00943371 -0.00920122 -0.00886386 -0.00859143 -0.0082887 -0.0081002 -0.0079961 -0.00792297 -0.00784365 -0.00776065 -0.00768535 -0.00759069 -0.007469 -0.00731363 -0.0071832 -0.00700741 -0.0068424 -0.00669987 -0.00655416 -0.00639956 -0.00622748 -0.00606948 -0.00592508 -0.00581568 -0.00570138 -0.00556393 -0.00539818 -0.00527086 -0.00517023 -0.00505123 -0.00493142 -0.00481099 -0.00471709 -0.0045922 -0.00446362 -0.00436541 -0.00426659 -0.00414216 -0.00403138 -0.00392771 -0.00384501 -0.00375804 -0.00362992 -0.00350743 -0.00339281 -0.00330388 -0.00319181 -0.00306361 -0.0029201 -0.00281296 -0.00269704 -0.00255631 -0.00244467 -0.00232182 -0.00219108 -0.0020778 -0.00194009 -0.00183132 -0.00171981 -0.00162752 -0.00154038 -0.00143165 -0.00129769 -0.00117614 -0.00106497 -0.00092251 -0.000792543 -0.000673128 -0.000574003 -0.000466195 -0.000352237 -0.000244854 -0.000133448 6.65394e-06 
-0.00355947 -0.00884699 -0.0097028 -0.00952734 -0.00961588 -0.00962181 -0.00947225 -0.0092621 -0.00894507 -0.00862677 -0.00828429 -0.00811386 -0.00800629 -0.0079145 -0.00785718 -0.00779289 -0.00769181 -0.00757648 -0.0074732 -0.00730718 -0.00714407 -0.00698848 -0.00686516 -0.00669157 -0.00650583 -0.00636078 -0.00622279 -0.00607292 -0.00593857 -0.00580201 -0.00567422 -0.00555903 -0.00541376 -0.00526953 -0.00514928 -0.00504486 -0.00494401 -0.00481494 -0.0046985 -0.00459929 -0.004496 -0.00437111 -0.00423706 -0.00413394 -0.00405152 -0.00394661 -0.00383997 -0.00373273 -0.00362005 -0.00352451 -0.00340415 -0.00329016 -0.00318059 -0.00306945 -0.00292004 -0.00279727 -0.00269116 -0.0025529 -0.00242649 -0.00230762 -0.0021788 -0.00204203 -0.00190727 -0.00182469 -0.00171868 -0.00160965 -0.00151953 -0.00143046 -0.00130239 -0.0011695 -0.00104632 -0.000916893 -0.000801429 -0.000693924 -0.000579769 -0.000466499 -0.000355595 -0.000252158 -0.000145211 -1.45994e-05 
-0.00304583 -0.00851925 -0.00963256 -0.0095766 -0.00967413 -0.00965635 -0.00949888 -0.00925207 -0.00890048 -0.00859827 -0.00829286 -0.00813428 -0.00802015 -0.0079233 -0.00786852 -0.00780575 -0.00769847 -0.0075795 -0.00745577 -0.00729551 -0.00714813 -0.00699106 -0.00684704 -0.00666974 -0.006496 -0.00634268 -0.00619172 -0.00606999 -0.00594949 -0.00579344 -0.00565349 -0.00553531 -0.00540769 -0.005291 -0.00516381 -0.00503252 -0.00495062 -0.00482811 -0.00469896 -0.00459301 -0.00449861 -0.0043729 -0.00424701 -0.00414327 -0.00405999 -0.00396243 -0.00385441 -0.0037404 -0.00362153 -0.00353154 -0.00342793 -0.00331033 -0.00317957 -0.00307539 -0.00293423 -0.00279282 -0.0026719 -0.00254378 -0.00242871 -0.00229896 -0.00216223 -0.00204761 -0.00191614 -0.00181798 -0.00171845 -0.00161349 -0.00150889 -0.00140422 -0.00130363 -0.00118484 -0.00104466 -0.000906998 -0.000811213 -0.000679455 -0.000551812 -0.000456733 -0.000353914 -0.000247703 -0.00013445 2.80657e-06 
-0.00336066 -0.00889169 -0.00974656 -0.00954096 -0.00961307 -0.00963963 -0.0094905 -0.00922757 -0.00888979 -0.00864626 -0.00834836 -0.0081254 -0.00801936 -0.0079518 -0.00787029 -0.00778446 -0.00770351 -0.00759181 -0.00742757 -0.00726011 -0.00714177 -0.00695831 -0.00678583 -0.00665059 -0.00651803 -0.00633978 -0.00616844 -0.00603836 -0.00591822 -0.00579784 -0.00567893 -0.00553112 -0.00538787 -0.00528555 -0.00516611 -0.00503783 -0.00493597 -0.004824 -0.00472304 -0.00459724 -0.00446936 -0.00437871 -0.00427843 -0.00414945 -0.00403974 -0.00394372 -0.00386376 -0.00376662 -0.00362832 -0.00350942 -0.00340541 -0.00330769 -0.00318919 -0.00306555 -0.00292949 -0.0028046 -0.00266199 -0.00252516 -0.00241923 -0.00227179 -0.00213955 -0.00204388 -0.00189675 -0.00178377 -0.00169027 -0.00161363 -0.00152048 -0.00140266 -0.00128048 -0.00118344 -0.00105977 -0.000914467 -0.000804563 -0.000693448 -0.000579802 -0.000479714 -0.000384291 -0.000266682 -0.000110165 3.13931e-05 
-0.00329143 -0.00909481 -0.00984798 -0.00948478 -0.00962261 -0.00963691 -0.00944438 -0.00919641 -0.00887614 -0.00862309 -0.00832581 -0.00813834 -0.00803439 -0.00795258 -0.00786423 -0.00777436 -0.00767637 -0.00756554 -0.0074225 -0.00725071 -0.0071125 -0.00693418 -0.0067734 -0.00663202 -0.00649135 -0.00633943 -0.00617098 -0.00602042 -0.00588371 -0.00577771 -0.00567187 -0.00554299 -0.00538741 -0.00526897 -0.00517411 -0.00505858 -0.00493975 -0.00481717 -0.00472455 -0.00460189 -0.00447709 -0.00438304 -0.00429077 -0.00416872 -0.00405593 -0.00394793 -0.00386246 -0.00377309 -0.00364326 -0.00351685 -0.00339834 -0.00331279 -0.00319625 -0.00305695 -0.00290962 -0.00279298 -0.0026655 -0.0025182 -0.00240369 -0.00227758 -0.00214708 -0.00203667 -0.00190231 -0.00179458 -0.00168676 -0.00159952 -0.0015152 -0.00141063 -0.00128079 -0.00116711 -0.00106087 -0.000919192 -0.000797256 -0.000678642 -0.000574181 -0.000468157 -0.000353136 -0.000244983 -0.000131697 8.6016e-06 
-0.00252976 -0.0086913 -0.00997127 -0.00959946 -0.00957567 -0.00957245 -0.00941327 -0.00921706 -0.00892343 -0.00862051 -0.00830865 -0.00814472 -0.00803204 -0.00792883 -0.00785943 -0.00778861 -0.00766364 -0.00752726 -0.00740464 -0.00723346 -0.00706251 -0.00690837 -0.006793 -0.00662216 -0.00644325 -0.00630072 -0.00616291 -0.00601981 -0.00589092 -0.00576117 -0.00564372 -0.0055369 -0.00540321 -0.00527087 -0.00515689 -0.00505026 -0.00494921 -0.00482099 -0.00470859 -0.00461139 -0.00451396 -0.00439396 -0.00426491 -0.0041627 -0.004078 -0.00396857 -0.00385661 -0.00374489 -0.00362691 -0.00352408 -0.00339873 -0.00328561 -0.0031739 -0.00305444 -0.00290195 -0.00277286 -0.00265844 -0.00251776 -0.00238796 -0.00227057 -0.00214681 -0.00201213 -0.00188062 -0.00179961 -0.00169437 -0.00158538 -0.00149474 -0.00140961 -0.00128643 -0.00116178 -0.0010447 -0.000918948 -0.000807513 -0.000700732 -0.000584089 -0.000469739 -0.000357974 -0.000252909 -0.000143586 -1.22196e-05 
-0.00305638 -0.00877985 -0.00985639 -0.00954567 -0.00957904 -0.0095798 -0.00942283 -0.00921348 -0.00888159 -0.00858573 -0.00830105 -0.00814583 -0.00802533 -0.00792224 -0.00785341 -0.00777733 -0.00764709 -0.00750647 -0.00737241 -0.00721138 -0.00706306 -0.00691006 -0.00677283 -0.00660144 -0.00643153 -0.00628014 -0.00612869 -0.00600969 -0.00589253 -0.00574651 -0.00562023 -0.0055129 -0.00539712 -0.0052902 -0.00516839 -0.00503787 -0.0049566 -0.00483878 -0.0047136 -0.00461384 -0.00452529 -0.00440525 -0.00428036 -0.00417463 -0.0040883 -0.00398596 -0.00387044 -0.00374912 -0.00362376 -0.00352527 -0.00341213 -0.00328805 -0.00315227 -0.00304453 -0.00290455 -0.00276021 -0.00263833 -0.00251156 -0.00239612 -0.00227182 -0.00214223 -0.0020282 -0.00189879 -0.00180279 -0.00170256 -0.00159333 -0.00148596 -0.00138147 -0.00128374 -0.00116914 -0.00103453 -0.000901922 -0.000806711 -0.000676419 -0.000550612 -0.000455402 -0.000353417 -0.000248393 -0.000134804 2.48216e-06 
-0.00328882 -0.00880648 -0.0097146 -0.00947449 -0.00952858 -0.00955715 -0.00943814 -0.00921765 -0.00888634 -0.00863659 -0.00834044 -0.00811643 -0.00800499 -0.00793977 -0.00784464 -0.00774164 -0.00764583 -0.00752104 -0.00735045 -0.00717969 -0.00706319 -0.00688183 -0.00671141 -0.00657974 -0.00644911 -0.00627084 -0.00610072 -0.00597215 -0.00585423 -0.00574271 -0.00563611 -0.00550165 -0.00537153 -0.00527738 -0.00516209 -0.00503926 -0.00494312 -0.00483812 -0.00474312 -0.00462472 -0.00450432 -0.00441768 -0.00431411 -0.00417992 -0.00406735 -0.00396464 -0.00387865 -0.00377281 -0.00362055 -0.00349179 -0.00337742 -0.00327201 -0.00315143 -0.00302879 -0.0028939 -0.00277214 -0.00263543 -0.00250234 -0.0023995 -0.00225773 -0.00213143 -0.00203626 -0.00189131 -0.00177887 -0.00168125 -0.00159838 -0.00150114 -0.00138035 -0.0012552 -0.00115908 -0.00103949 -0.000898572 -0.000787757 -0.000678811 -0.000570663 -0.000472822 -0.000379317 -0.000264665 -0.000109697 3.14252e-05 
-0.0034086 -0.00884476 -0.00960133 -0.00939155 -0.00956188 -0.00957932 -0.00942249 -0.00920814 -0.00888212 -0.00860768 -0.00830163 -0.00811078 -0.00800412 -0.00792608 -0.00783342 -0.00773355 -0.00763313 -0.00751206 -0.0073605 -0.00718033 -0.00703811 -0.00685823 -0.00669592 -0.00655563 -0.0064156 -0.0062616 -0.00609736 -0.00595039 -0.00581597 -0.00571856 -0.00562175 -0.00550421 -0.00536329 -0.00525479 -0.00516417 -0.00505741 -0.0049491 -0.00483568 -0.00474913 -0.00463404 -0.00451412 -0.00442214 -0.00432596 -0.00419922 -0.00408294 -0.00396821 -0.00387595 -0.00377818 -0.00363591 -0.0035025 -0.00337938 -0.00328361 -0.00316578 -0.00303275 -0.00288174 -0.00277118 -0.00265027 -0.00250528 -0.00239485 -0.00227285 -0.00214437 -0.00203609 -0.00190449 -0.00179597 -0.0016832 -0.00158974 -0.00149985 -0.00138909 -0.00125666 -0.00114064 -0.00103668 -0.000901941 -0.000776525 -0.000660718 -0.000564048 -0.000458459 -0.000346197 -0.000240775 -0.000129884 7.66114e-06 
-0.00341088 -0.00878736 -0.00967805 -0.00947277 -0.00955546 -0.00957869 -0.00946099 -0.00927375 -0.00895524 -0.00862794 -0.00828143 -0.00810881 -0.00799363 -0.00789255 -0.00782237 -0.00774871 -0.00762372 -0.00748166 -0.00735255 -0.00716818 -0.00698986 -0.00682738 -0.00670903 -0.00653956 -0.00635912 -0.00621444 -0.00608261 -0.00594165 -0.00581948 -0.00570033 -0.00559223 -0.00549298 -0.00537155 -0.00524929 -0.00514405 -0.00505109 -0.00495931 -0.00483971 -0.00473251 -0.00464157 -0.00454594 -0.00442692 -0.00429426 -0.00418784 -0.00409924 -0.00398482 -0.00386691 -0.00374839 -0.00362382 -0.00351973 -0.0033908 -0.00327011 -0.00315747 -0.00304256 -0.00288692 -0.00276021 -0.0026519 -0.00251185 -0.0023856 -0.0022684 -0.00214366 -0.00201255 -0.00188298 -0.00180197 -0.00169488 -0.00158125 -0.00148584 -0.00139492 -0.00126879 -0.00114002 -0.00102254 -0.000899796 -0.000788336 -0.000683625 -0.000572272 -0.000460278 -0.000349624 -0.000247781 -0.000142472 -1.4554e-05 
-0.00305778 -0.00853202 -0.00960398 -0.00950301 -0.00961005 -0.00961954 -0.00949321 -0.00926421 -0.00890601 -0.00859006 -0.0082721 -0.00810283 -0.00797716 -0.00787322 -0.00780819 -0.00773829 -0.00760991 -0.00746906 -0.0073269 -0.00714997 -0.00699085 -0.00682533 -0.0066808 -0.00650739 -0.00633938 -0.00619093 -0.0060494 -0.00593279 -0.00582406 -0.00568731 -0.00556775 -0.00546903 -0.00536379 -0.00526685 -0.00515804 -0.00504293 -0.00496838 -0.00485581 -0.00473619 -0.00463796 -0.00454875 -0.00442703 -0.00430245 -0.00419303 -0.00410258 -0.00399593 -0.00387636 -0.00375172 -0.00362297 -0.00352568 -0.00341539 -0.00329373 -0.00316012 -0.0030542 -0.0029094 -0.00276368 -0.00264079 -0.00251223 -0.00239622 -0.0022694 -0.00213824 -0.00202605 -0.00189869 -0.00180337 -0.00170496 -0.00159561 -0.00148508 -0.00137705 -0.00127713 -0.00116129 -0.0010262 -0.000894519 -0.000801698 -0.000672082 -0.000545798 -0.000450391 -0.000348043 -0.000243368 -0.000130943 5.09894e-06 
-0.00336145 -0.00888904 -0.00970294 -0.00946936 -0.00956565 -0.00961596 -0.00949666 -0.00924332 -0.0088899 -0.00863103 -0.00831282 -0.00807029 -0.00794969 -0.0078817 -0.00779287 -0.00769643 -0.00760324 -0.00748012 -0.00729786 -0.0071104 -0.00698364 -0.00679212 -0.00661627 -0.00648362 -0.00635585 -0.00618689 -0.00602486 -0.00590521 -0.00579853 -0.00569393 -0.00559168 -0.00546874 -0.00534895 -0.0052648 -0.00516484 -0.00505192 -0.00495918 -0.00485677 -0.00476272 -0.00464263 -0.00451969 -0.00443006 -0.00432867 -0.00419139 -0.00407397 -0.00396799 -0.00387875 -0.00377402 -0.00362746 -0.00350114 -0.00339287 -0.00329418 -0.00317386 -0.00304879 -0.00291149 -0.00278381 -0.00263767 -0.00249922 -0.0023937 -0.00224993 -0.00212352 -0.0020302 -0.0018878 -0.00177734 -0.00168252 -0.00160346 -0.00150579 -0.00138332 -0.00125996 -0.00116614 -0.00104728 -0.000906254 -0.000797975 -0.000688342 -0.000573928 -0.000472703 -0.000376689 -0.000259862 -0.00010681 3.02964e-05 
-0.00326447 -0.00907874 -0.00983188 -0.00944417 -0.00959073 -0.00961916 -0.00944584 -0.00920712 -0.00886889 -0.00859167 -0.00826825 -0.00806365 -0.00794798 -0.00786562 -0.00777338 -0.00767755 -0.00757298 -0.00745494 -0.00729621 -0.00710735 -0.00695993 -0.00677563 -0.00661003 -0.00646874 -0.00633471 -0.00619151 -0.00603484 -0.00589976 -0.00577805 -0.00568809 -0.0055976 -0.00548799 -0.00535496 -0.00525438 -0.00517625 -0.00507479 -0.00496632 -0.00485414 -0.00476499 -0.00464537 -0.00452314 -0.00442803 -0.00433248 -0.00420237 -0.00408185 -0.00396463 -0.00387046 -0.00377489 -0.00363831 -0.00350732 -0.00338697 -0.00330078 -0.00318416 -0.00304411 -0.00289634 -0.00277828 -0.00264735 -0.00249807 -0.00238373 -0.00226026 -0.00213416 -0.00202836 -0.00189919 -0.00179286 -0.00168282 -0.00159306 -0.00150594 -0.00139706 -0.0012666 -0.00115559 -0.00105337 -0.000913961 -0.000793589 -0.000674434 -0.00056801 -0.000460386 -0.000344192 -0.000235323 -0.000126379 6.97308e-06 
-0.00249411 -0.00867495 -0.00996805 -0.00958449 -0.0095695 -0.00957271 -0.00942964 -0.00923553 -0.00891593 -0.00858439 -0.00823893 -0.00806261 -0.00794126 -0.00783651 -0.00776328 -0.00769249 -0.00756207 -0.00741745 -0.00728474 -0.00710376 -0.00692131 -0.0067605 -0.00664064 -0.00647001 -0.00629891 -0.00616853 -0.00604552 -0.00591645 -0.00579799 -0.00568398 -0.00558416 -0.00549379 -0.00537913 -0.00526428 -0.00516449 -0.00507014 -0.00497897 -0.00485814 -0.00474786 -0.00465184 -0.00455562 -0.00443183 -0.00429601 -0.00418462 -0.00409202 -0.00397492 -0.00385643 -0.00374055 -0.0036174 -0.00351217 -0.00338633 -0.00327389 -0.00316463 -0.00304565 -0.00289263 -0.0027621 -0.00264606 -0.00250418 -0.00237322 -0.00225703 -0.00213838 -0.00200786 -0.00188031 -0.00180083 -0.00169405 -0.00158196 -0.00148817 -0.00140107 -0.00127879 -0.00115639 -0.00104123 -0.000917349 -0.000806129 -0.000697181 -0.000578058 -0.000461539 -0.000348873 -0.000242819 -0.000137323 -1.34534e-05 
-0.00305642 -0.00880048 -0.00988278 -0.0095521 -0.00959168 -0.00959664 -0.00944724 -0.00922419 -0.00886373 -0.00854134 -0.00822667 -0.00805798 -0.00793215 -0.007826 -0.00775719 -0.00768541 -0.00755167 -0.00740214 -0.00726242 -0.00709468 -0.00693602 -0.00677526 -0.00663581 -0.00646847 -0.00630233 -0.00616311 -0.0060289 -0.00592387 -0.00581971 -0.0056909 -0.00557858 -0.00548525 -0.0053849 -0.00528987 -0.00517842 -0.0050602 -0.00498595 -0.00487176 -0.00475002 -0.0046506 -0.00455873 -0.00443214 -0.00430115 -0.00418604 -0.0040919 -0.00398194 -0.00386121 -0.00373714 -0.00360983 -0.0035098 -0.00339672 -0.00327461 -0.0031425 -0.00303796 -0.0028987 -0.00275389 -0.00263186 -0.00250408 -0.00238694 -0.00226327 -0.00213768 -0.00202662 -0.00189952 -0.00180537 -0.00170516 -0.0015936 -0.00148308 -0.00137771 -0.0012818 -0.00116847 -0.00103451 -0.000902819 -0.000806396 -0.000672762 -0.000543614 -0.000445972 -0.000342811 -0.000237629 -0.000128561 1.54598e-06 
-0.00328012 -0.00882435 -0.00974868 -0.00949583 -0.00954893 -0.00958266 -0.00946151 -0.00922104 -0.00886555 -0.00859548 -0.00827698 -0.0080344 -0.00792022 -0.00785083 -0.00775857 -0.00765778 -0.00756359 -0.00743188 -0.00725568 -0.00707821 -0.0069561 -0.00676769 -0.00659314 -0.00646869 -0.00633891 -0.00617589 -0.00602217 -0.00590888 -0.00580512 -0.00570769 -0.00560837 -0.0054868 -0.00537085 -0.00528345 -0.00517648 -0.005062 -0.00496927 -0.00486689 -0.0047741 -0.00465439 -0.00452927 -0.00443379 -0.0043249 -0.00418024 -0.00405856 -0.00394967 -0.00385975 -0.00375285 -0.00360133 -0.00347283 -0.00335943 -0.00325633 -0.00313946 -0.00302155 -0.00289063 -0.00277031 -0.00263419 -0.00250068 -0.00239812 -0.00225727 -0.00213264 -0.00203902 -0.00189525 -0.00178292 -0.00168446 -0.0016011 -0.00150303 -0.00138264 -0.00125838 -0.00116301 -0.00104422 -0.000901588 -0.000787702 -0.000675863 -0.000564568 -0.000463911 -0.000368934 -0.000255194 -0.000105106 2.97447e-05 
-0.00340053 -0.00885697 -0.00963464 -0.00942425 -0.00958898 -0.00960897 -0.00944115 -0.00921052 -0.00886434 -0.00857857 -0.00825609 -0.00805562 -0.00794471 -0.00786494 -0.00777529 -0.00767323 -0.00756916 -0.00744801 -0.00728894 -0.00710114 -0.00695691 -0.00677663 -0.00660803 -0.00647046 -0.00633472 -0.00619493 -0.00604347 -0.00590871 -0.00578878 -0.00570323 -0.00561315 -0.00550523 -0.00537156 -0.00526496 -0.00517963 -0.00507542 -0.00496796 -0.00485746 -0.00477025 -0.00465119 -0.00452738 -0.00442845 -0.00432465 -0.00418737 -0.004063 -0.00394412 -0.00384893 -0.00375061 -0.00360891 -0.00347789 -0.00335839 -0.00326481 -0.00315165 -0.00302417 -0.00287911 -0.00277344 -0.00265406 -0.00251065 -0.00240251 -0.00228094 -0.00215189 -0.00204419 -0.00191337 -0.00180327 -0.00168888 -0.00159518 -0.00150718 -0.00139701 -0.0012649 -0.00114831 -0.00104457 -0.000906683 -0.000777362 -0.000657973 -0.000559083 -0.000450464 -0.000337519 -0.00023391 -0.000125885 8.36527e-06 
-0.00340953 -0.00879947 -0.00970881 -0.0095044 -0.00958471 -0.00960439 -0.0094758 -0.00927653 -0.00895184 -0.00861904 -0.00825985 -0.00807775 -0.00796067 -0.00785879 -0.00779433 -0.00771436 -0.00758287 -0.0074374 -0.00730868 -0.0071245 -0.00694173 -0.00677691 -0.00664891 -0.00647919 -0.00630482 -0.00617853 -0.00605809 -0.00592747 -0.00581013 -0.0056985 -0.00559809 -0.00550677 -0.00538689 -0.00526498 -0.00515885 -0.0050632 -0.00497127 -0.00485183 -0.00474288 -0.00464787 -0.00455134 -0.00442442 -0.00428203 -0.00416461 -0.00406885 -0.00395039 -0.00383157 -0.00371467 -0.00359045 -0.00348908 -0.00336454 -0.00324924 -0.00314262 -0.00303285 -0.00288501 -0.0027653 -0.00266089 -0.00252412 -0.00240059 -0.00228419 -0.00215927 -0.00202744 -0.0018967 -0.00181445 -0.00170505 -0.0015911 -0.00149749 -0.00140817 -0.00128215 -0.00115246 -0.0010323 -0.000905933 -0.000790552 -0.000682174 -0.000568239 -0.000454569 -0.000344236 -0.000243172 -0.000138565 -1.26155e-05 
-0.00305507 -0.00854178 -0.00962974 -0.0095342 -0.00963779 -0.00964325 -0.00950669 -0.00927172 -0.00891757 -0.00860203 -0.00828033 -0.00810789 -0.00798318 -0.00787437 -0.00780845 -0.00773508 -0.00760492 -0.00745686 -0.00731697 -0.00714111 -0.00697398 -0.00680233 -0.00665496 -0.00648435 -0.00631663 -0.00617782 -0.00604512 -0.00593982 -0.00583654 -0.00570599 -0.00559023 -0.00549289 -0.0053861 -0.00528593 -0.00517018 -0.0050492 -0.0049714 -0.00485684 -0.00473528 -0.00463426 -0.00454233 -0.00441219 -0.00427945 -0.00416147 -0.00406439 -0.00395242 -0.00383212 -0.00370978 -0.00358484 -0.00349119 -0.0033847 -0.0032697 -0.00314389 -0.00304415 -0.00290867 -0.00277133 -0.00265555 -0.00253213 -0.00241776 -0.00229286 -0.00216225 -0.00204786 -0.00191689 -0.00182024 -0.0017209 -0.00161267 -0.00150293 -0.00139502 -0.00129568 -0.00117744 -0.00103714 -0.00090112 -0.000805188 -0.000671948 -0.000543304 -0.000447367 -0.000345583 -0.000241443 -0.000129861 3.98645e-06 
-0.00336122 -0.00889586 -0.0097191 -0.00949544 -0.00959053 -0.00963835 -0.00951548 -0.00926491 -0.00892173 -0.00866538 -0.00835013 -0.00810998 -0.00799373 -0.00791435 -0.00781956 -0.00772074 -0.00763323 -0.00750244 -0.0073202 -0.00713541 -0.00700231 -0.00680257 -0.00662076 -0.00649361 -0.00636107 -0.00619763 -0.00604316 -0.0059317 -0.00582986 -0.00572983 -0.00562501 -0.00549787 -0.00537448 -0.00528315 -0.00517354 -0.00505323 -0.00495554 -0.00484775 -0.00475251 -0.00463011 -0.00450224 -0.00440428 -0.0042978 -0.00415156 -0.00402661 -0.00391689 -0.00382642 -0.00372484 -0.00358533 -0.00346458 -0.00336198 -0.00326996 -0.00315717 -0.00304 -0.0029122 -0.00279267 -0.00265526 -0.00252498 -0.00242227 -0.00228043 -0.00215451 -0.00205862 -0.00191241 -0.00179899 -0.00170355 -0.00162631 -0.00152887 -0.00140532 -0.00128104 -0.00118364 -0.00105976 -0.000913763 -0.000802402 -0.000690092 -0.000574345 -0.000472727 -0.000377233 -0.000260647 -0.000107539 3.04345e-05 
-0.00327607 -0.00908954 -0.00983988 -0.0094649 -0.00961861 -0.00965112 -0.00948252 -0.00924966 -0.00892378 -0.00865725 -0.00834406 -0.00814281 -0.0080263 -0.00793676 -0.00784118 -0.00773923 -0.00763572 -0.00751835 -0.00735752 -0.00716456 -0.00701433 -0.00682546 -0.00664817 -0.00650457 -0.00636778 -0.00622903 -0.00607514 -0.00594117 -0.00582302 -0.00573502 -0.00563995 -0.00552583 -0.00538267 -0.00527053 -0.00518315 -0.00507277 -0.00495793 -0.00483929 -0.00474677 -0.00462332 -0.00449596 -0.00439424 -0.00429265 -0.00415389 -0.00402773 -0.00390921 -0.00381421 -0.00372217 -0.00359284 -0.0034693 -0.0033578 -0.00327755 -0.00316829 -0.00303705 -0.00289885 -0.00278893 -0.00266651 -0.00252591 -0.00241736 -0.00229629 -0.00216925 -0.00206227 -0.00193028 -0.00182041 -0.00170879 -0.00162 -0.00153269 -0.00142331 -0.00128953 -0.00117298 -0.00106647 -0.000922245 -0.000798139 -0.000677277 -0.000571028 -0.000463224 -0.000347182 -0.000238823 -0.000128538 7.91327e-06 
-0.00249762 -0.00868392 -0.00998135 -0.00961055 -0.00960476 -0.00961903 -0.00948207 -0.0092938 -0.00899137 -0.00867489 -0.00834491 -0.00816524 -0.00804247 -0.00793425 -0.00786491 -0.00778285 -0.00765038 -0.00750657 -0.00738009 -0.00719609 -0.00700931 -0.00684111 -0.00670564 -0.00652734 -0.00635159 -0.00622902 -0.00610659 -0.00597671 -0.0058549 -0.00573676 -0.00563102 -0.00553608 -0.00540894 -0.0052801 -0.00516816 -0.00506388 -0.00496584 -0.00483845 -0.00472324 -0.00462284 -0.00452432 -0.0043926 -0.00424876 -0.00412942 -0.00403316 -0.00391454 -0.00379822 -0.00368887 -0.00357309 -0.0034758 -0.00335949 -0.00325438 -0.00315129 -0.00303977 -0.00289615 -0.00277412 -0.00266596 -0.0025319 -0.00240855 -0.00229607 -0.00217597 -0.00204459 -0.001915 -0.00183302 -0.00172465 -0.00161163 -0.00151691 -0.00142923 -0.00130185 -0.00117371 -0.0010537 -0.000925665 -0.00081139 -0.000701471 -0.000582609 -0.000466356 -0.000353303 -0.000247601 -0.000140235 -1.30965e-05 
-0.00305412 -0.00880454 -0.00989746 -0.0095827 -0.00963551 -0.00965328 -0.00951487 -0.00930601 -0.00896646 -0.0086582 -0.00835567 -0.0081893 -0.00806289 -0.00795304 -0.00788512 -0.00780631 -0.00767387 -0.00752499 -0.00739037 -0.00722034 -0.00705143 -0.00688116 -0.00673044 -0.00655569 -0.00638061 -0.00623985 -0.00610258 -0.00599844 -0.00589049 -0.0057534 -0.00563149 -0.00552831 -0.00541513 -0.00530815 -0.00518309 -0.00505176 -0.00497031 -0.00484968 -0.00472143 -0.00461627 -0.0045202 -0.00438577 -0.00424739 -0.00412684 -0.00403034 -0.00391931 -0.0038031 -0.0036855 -0.00356694 -0.00347522 -0.00337117 -0.00325734 -0.00313279 -0.00303376 -0.00290223 -0.00276634 -0.00265211 -0.00253219 -0.00242155 -0.00230323 -0.00217852 -0.00206601 -0.0019362 -0.00183981 -0.00173822 -0.00162498 -0.00151305 -0.00140474 -0.00130455 -0.00118632 -0.00104722 -0.000910976 -0.000813085 -0.000678902 -0.00054983 -0.000452658 -0.000349411 -0.000243619 -0.000131744 1.9963e-06 
-0.00327962 -0.00883007 -0.00976836 -0.0095343 -0.00960775 -0.00965736 -0.00954972 -0.00932537 -0.00898448 -0.00872403 -0.00841302 -0.00817853 -0.00806691 -0.00799412 -0.00789801 -0.00779638 -0.00770663 -0.00757429 -0.00739877 -0.00722607 -0.00709428 -0.00689322 -0.00670702 -0.00657714 -0.00643675 -0.00626738 -0.00610959 -0.00599423 -0.00588497 -0.00577955 -0.00566862 -0.00553217 -0.00540109 -0.00530235 -0.00518269 -0.00505463 -0.00495303 -0.00484248 -0.00474428 -0.00461702 -0.0044841 -0.00438153 -0.00426818 -0.00411974 -0.00399511 -0.00388783 -0.00380241 -0.00370208 -0.00356183 -0.00344308 -0.00333889 -0.00324303 -0.0031323 -0.00301968 -0.00289504 -0.00278164 -0.00265374 -0.00252839 -0.00243156 -0.00229645 -0.00217478 -0.00207994 -0.00193346 -0.00181864 -0.00171868 -0.00163376 -0.00153331 -0.00140862 -0.00127965 -0.00118052 -0.00105694 -0.000910739 -0.000795925 -0.000683609 -0.000571999 -0.000471655 -0.000376594 -0.000261247 -0.000107692 3.06951e-05 
-0.00340252 -0.00886846 -0.00965881 -0.00946732 -0.00965688 -0.00969284 -0.00953954 -0.00932431 -0.00898875 -0.00870917 -0.00839463 -0.00819766 -0.00808854 -0.0080085 -0.00791675 -0.00781663 -0.00771806 -0.0075974 -0.00744137 -0.00725456 -0.00710703 -0.00691422 -0.00673329 -0.00658788 -0.00644202 -0.00629692 -0.00614007 -0.00599879 -0.00587292 -0.0057787 -0.00567777 -0.00555628 -0.00540438 -0.00528323 -0.00518758 -0.00507111 -0.00495255 -0.00483253 -0.00473815 -0.00461108 -0.00447894 -0.00437351 -0.00426607 -0.00412586 -0.00400053 -0.00388514 -0.0037943 -0.00370279 -0.00357216 -0.00345103 -0.00334085 -0.00325382 -0.00314646 -0.00302511 -0.00288592 -0.00278539 -0.00267273 -0.00253759 -0.00243507 -0.0023191 -0.00219291 -0.00208552 -0.00195241 -0.00184036 -0.00172335 -0.00162747 -0.00153644 -0.00142257 -0.0012855 -0.0011648 -0.00105749 -0.000916922 -0.000786453 -0.000666454 -0.000567019 -0.000458654 -0.000344476 -0.000238441 -0.000128309 7.94996e-06 
-0.00342748 -0.00882015 -0.00973693 -0.00955442 -0.00965728 -0.00969042 -0.00957927 -0.00939329 -0.0090744 -0.00874571 -0.00839372 -0.00821324 -0.00809699 -0.00799579 -0.00793148 -0.00785285 -0.00772707 -0.00758474 -0.00745948 -0.0072708 -0.00708738 -0.00691595 -0.00677713 -0.0065984 -0.00641293 -0.00628286 -0.00615739 -0.00602127 -0.00589777 -0.00577593 -0.00566359 -0.00556121 -0.00542478 -0.00528615 -0.00516626 -0.00505809 -0.00495648 -0.00482597 -0.00470769 -0.0046054 -0.00450259 -0.00436961 -0.00422413 -0.00410545 -0.00401135 -0.00389548 -0.00378186 -0.00367314 -0.00355922 -0.00346649 -0.00335116 -0.00324233 -0.0031408 -0.00303629 -0.00289482 -0.00277972 -0.00268092 -0.00255271 -0.00243491 -0.00232336 -0.00220065 -0.00206831 -0.00193592 -0.00185149 -0.00173941 -0.00162206 -0.00152524 -0.00143284 -0.00130234 -0.00116831 -0.00104527 -0.000916983 -0.000800429 -0.000691343 -0.000576669 -0.000461949 -0.000349389 -0.000246524 -0.000141151 -1.44598e-05 
-0.00304826 -0.00855431 -0.00966155 -0.00958799 -0.00971002 -0.00972604 -0.00960612 -0.0093794 -0.00903046 -0.0087196 -0.00840263 -0.00823195 -0.00810651 -0.00800062 -0.00793819 -0.00786605 -0.00773833 -0.00759618 -0.00745801 -0.00727917 -0.00711134 -0.00693846 -0.00678356 -0.00660243 -0.00642642 -0.00628242 -0.00614267 -0.00603363 -0.0059247 -0.00578454 -0.00565745 -0.00554766 -0.00542592 -0.00531134 -0.00517909 -0.005042 -0.00495565 -0.00482976 -0.00469769 -0.00458886 -0.00449237 -0.0043583 -0.00422293 -0.00410628 -0.00401199 -0.00390349 -0.00378976 -0.00367423 -0.00355821 -0.00347298 -0.00337491 -0.00326737 -0.00314757 -0.00305186 -0.00292229 -0.00278986 -0.00267915 -0.00256272 -0.00245347 -0.00233272 -0.00220458 -0.00209008 -0.001956 -0.00185669 -0.00175442 -0.00164207 -0.0015288 -0.00141751 -0.00131445 -0.00119299 -0.0010502 -0.000912196 -0.000814909 -0.000680293 -0.000550287 -0.000452388 -0.000348549 -0.000242859 -0.000130226 5.24982e-06 
-0.00335992 -0.00891962 -0.00975775 -0.00954625 -0.00965678 -0.00971829 -0.0096029 -0.00935494 -0.0090152 -0.0087665 -0.00845485 -0.00821808 -0.00810139 -0.00802799 -0.00793664 -0.00784054 -0.00775004 -0.00762473 -0.00744362 -0.00725969 -0.00712657 -0.00692636 -0.006742 -0.00660752 -0.00647026 -0.00629854 -0.00613692 -0.00601936 -0.00591113 -0.00580365 -0.00569079 -0.00554936 -0.0054113 -0.00530596 -0.00517974 -0.0050444 -0.00493662 -0.00481772 -0.0047143 -0.00458475 -0.0044513 -0.00435259 -0.00424588 -0.00410293 -0.00398106 -0.00387622 -0.00379199 -0.00369631 -0.00356569 -0.00345332 -0.00335954 -0.00327463 -0.00316703 -0.00305383 -0.00293181 -0.00281757 -0.00268526 -0.00256043 -0.00246194 -0.00232357 -0.00219899 -0.00210133 -0.00195092 -0.00183378 -0.00173466 -0.00165367 -0.0015528 -0.0014254 -0.0012976 -0.00119791 -0.00107207 -0.000923899 -0.000810842 -0.000696967 -0.000579231 -0.000475543 -0.000377885 -0.0002598 -0.000106653 3.01332e-05 
-0.00326804 -0.00910986 -0.0098776 -0.00950892 -0.00967137 -0.0097124 -0.00954851 -0.00931921 -0.00899758 -0.00873584 -0.008426 -0.00822696 -0.00811568 -0.00802801 -0.00793262 -0.00783391 -0.00773019 -0.00761261 -0.00745511 -0.00726754 -0.00712055 -0.00693029 -0.00675544 -0.0066095 -0.00646669 -0.00631985 -0.00615831 -0.00601683 -0.00589163 -0.0057955 -0.00569412 -0.00557033 -0.00541363 -0.00528791 -0.00518666 -0.00506322 -0.00493687 -0.00480684 -0.00470882 -0.00458034 -0.00444905 -0.00434764 -0.00424811 -0.00411355 -0.00399145 -0.003878 -0.00378837 -0.0037022 -0.00358207 -0.00346631 -0.00336248 -0.00328852 -0.00318521 -0.00306003 -0.00292754 -0.00282245 -0.00270447 -0.00256724 -0.00246121 -0.00234285 -0.00221438 -0.00210455 -0.00196774 -0.00185369 -0.00173683 -0.00164408 -0.00155312 -0.00144037 -0.0013035 -0.00118525 -0.00107674 -0.00092964 -0.00080435 -0.000681323 -0.000572166 -0.000462676 -0.0003449 -0.000235201 -0.000126449 7.05814e-06 
-0.00248938 -0.00869772 -0.0100111 -0.00964558 -0.00964132 -0.00965451 -0.00952106 -0.00933963 -0.00903983 -0.00872652 -0.0084038 -0.00823259 -0.00811297 -0.00800428 -0.00793079 -0.00785441 -0.00772379 -0.00758125 -0.00745256 -0.00727274 -0.00709233 -0.00692911 -0.00679907 -0.00661918 -0.00643663 -0.00630363 -0.00617235 -0.00603576 -0.00591086 -0.00578674 -0.00567391 -0.00557063 -0.0054315 -0.00529025 -0.00516672 -0.00505109 -0.00494288 -0.0048065 -0.00468691 -0.00458327 -0.00448205 -0.00435227 -0.00421267 -0.0040995 -0.00400876 -0.00389445 -0.00378263 -0.00367959 -0.00357326 -0.00348297 -0.00337394 -0.00327404 -0.00317687 -0.00307171 -0.00293288 -0.00281448 -0.00271021 -0.00257761 -0.00245655 -0.00234372 -0.00221956 -0.00208443 -0.00194906 -0.00186201 -0.00174884 -0.00163136 -0.00153377 -0.00144284 -0.00131247 -0.00118262 -0.00106059 -0.000930118 -0.000814706 -0.000702891 -0.000580901 -0.000462771 -0.00034933 -0.000243016 -0.000137007 -1.23857e-05 
-0.00305158 -0.00881461 -0.00991584 -0.00960407 -0.00965501 -0.0096697 -0.00953148 -0.00932429 -0.0089857 -0.00868318 -0.00839119 -0.00823185 -0.00810558 -0.00799801 -0.00792782 -0.0078499 -0.00771656 -0.00757107 -0.00743708 -0.00727179 -0.00711296 -0.00695236 -0.00680598 -0.00662723 -0.00644904 -0.00630083 -0.00615458 -0.00604253 -0.00592895 -0.00578549 -0.00565946 -0.0055495 -0.0054273 -0.0053123 -0.00517818 -0.00503552 -0.00494724 -0.00482136 -0.00468787 -0.00458063 -0.00448553 -0.00435512 -0.00422042 -0.00410585 -0.00401508 -0.00391017 -0.0038 -0.00368742 -0.00357566 -0.00349048 -0.0033937 -0.0032863 -0.00316793 -0.00307379 -0.00294615 -0.00281423 -0.00270167 -0.00258215 -0.00247153 -0.00234993 -0.00222066 -0.0021045 -0.00196782 -0.00186508 -0.001758 -0.00164002 -0.00152503 -0.00141406 -0.00131073 -0.00119013 -0.00104908 -0.000911077 -0.000811133 -0.000674949 -0.000544343 -0.000445753 -0.000342308 -0.000237374 -0.000128277 2.63082e-06 
-0.00327897 -0.00883548 -0.00977448 -0.00953885 -0.00960699 -0.00965236 -0.009539 -0.00931226 -0.00897542 -0.00872498 -0.00842414 -0.00819694 -0.00808403 -0.00801703 -0.00792029 -0.00781625 -0.00772036 -0.00759536 -0.00742618 -0.00725818 -0.00713562 -0.00694582 -0.00676614 -0.0066317 -0.00649065 -0.00631211 -0.00614483 -0.00602146 -0.00590631 -0.00579566 -0.00568351 -0.00554161 -0.0054033 -0.00529953 -0.00517172 -0.00503603 -0.00493101 -0.00481698 -0.00471545 -0.00458804 -0.00445716 -0.00436075 -0.00425044 -0.00410939 -0.00399127 -0.00389028 -0.00381096 -0.00371512 -0.00358126 -0.00346853 -0.00337117 -0.00328112 -0.00317496 -0.00306471 -0.00294416 -0.00283264 -0.00270389 -0.00257867 -0.00247868 -0.00233889 -0.00221301 -0.00211316 -0.00195869 -0.00183812 -0.00173284 -0.00164333 -0.00153965 -0.00141212 -0.00128018 -0.00117773 -0.00105234 -0.00090456 -0.000787792 -0.000673974 -0.000562736 -0.000462046 -0.000366961 -0.000253593 -0.000104681 2.95617e-05 
-0.00340371 -0.00886586 -0.0096537 -0.00945965 -0.00963875 -0.00966611 -0.00950605 -0.00928783 -0.00895842 -0.00868537 -0.00837766 -0.00818566 -0.0080812 -0.00800291 -0.00790821 -0.00780735 -0.00770813 -0.00759178 -0.00744338 -0.00726805 -0.00713015 -0.0069464 -0.00677443 -0.00662911 -0.0064804 -0.00632579 -0.00615981 -0.00601225 -0.00587997 -0.00578124 -0.00567798 -0.00555306 -0.00539804 -0.00527492 -0.00517367 -0.0050546 -0.00493481 -0.00481142 -0.00471795 -0.00459343 -0.00446348 -0.00436237 -0.00425997 -0.00412756 -0.00400839 -0.00389792 -0.00381202 -0.00372512 -0.00360124 -0.00348474 -0.00337795 -0.00329592 -0.00319155 -0.00307164 -0.00293595 -0.00283471 -0.0027213 -0.00258348 -0.00247613 -0.00235591 -0.00222516 -0.002112 -0.00197066 -0.00185416 -0.00173175 -0.00163089 -0.00153555 -0.00141895 -0.00127943 -0.00115637 -0.00104635 -0.000903926 -0.000772092 -0.000651855 -0.00055324 -0.000445725 -0.000333725 -0.000231012 -0.000124609 8.11974e-06 
-0.00343865 -0.00881847 -0.00972484 -0.00953536 -0.00962509 -0.00964636 -0.0095241 -0.00933522 -0.00901813 -0.00869374 -0.00835032 -0.00818079 -0.00806838 -0.00796732 -0.00789574 -0.00782161 -0.00769907 -0.00756319 -0.00744026 -0.00726379 -0.00709393 -0.00693364 -0.00680478 -0.00662743 -0.00643903 -0.00629738 -0.00616284 -0.00602012 -0.00589378 -0.00576902 -0.00565372 -0.00554774 -0.00541074 -0.00527121 -0.00515117 -0.00504499 -0.00494288 -0.00481289 -0.00469751 -0.0045987 -0.00449599 -0.00436795 -0.004229 -0.00411933 -0.00403169 -0.00391985 -0.00380954 -0.00370415 -0.00359647 -0.00350636 -0.00339414 -0.00328767 -0.00318684 -0.00308376 -0.00294266 -0.00282591 -0.0027246 -0.00259038 -0.00246806 -0.00235142 -0.00222224 -0.00208426 -0.00194479 -0.00185598 -0.00173969 -0.00161829 -0.00151827 -0.00142211 -0.00128818 -0.00115203 -0.00102698 -0.000896819 -0.000780361 -0.000671989 -0.000558158 -0.000446041 -0.000337658 -0.000239096 -0.000136206 -1.10717e-05 
-0.00305074 -0.00854406 -0.00964244 -0.00956166 -0.00966926 -0.0096723 -0.0095391 -0.00930659 -0.00895201 -0.00864324 -0.00833457 -0.0081713 -0.00804834 -0.00794594 -0.00788004 -0.00780992 -0.00768542 -0.00755124 -0.00741996 -0.00725416 -0.00710141 -0.00694191 -0.00679516 -0.00661493 -0.00643814 -0.00628659 -0.00613857 -0.00602158 -0.00590833 -0.00576409 -0.00563555 -0.00552536 -0.00540467 -0.00529233 -0.00516538 -0.00503281 -0.00494936 -0.00482753 -0.00469857 -0.00459278 -0.0044988 -0.00437066 -0.00423997 -0.00413021 -0.00404222 -0.00393929 -0.00382925 -0.00371533 -0.00360091 -0.00351706 -0.0034211 -0.00331321 -0.00319274 -0.00309643 -0.00296438 -0.00283022 -0.00271493 -0.0025917 -0.00247874 -0.00235096 -0.00221518 -0.00209739 -0.00195861 -0.00185421 -0.00174661 -0.00163 -0.00151384 -0.00139955 -0.00129258 -0.00116906 -0.00102559 -0.000886474 -0.000789421 -0.000656869 -0.000529917 -0.000435401 -0.00033592 -0.000235232 -0.000126188 6.85344e-06 
-0.00336146 -0.00890551 -0.00973432 -0.00951312 -0.00960571 -0.00965152 -0.00952203 -0.00926615 -0.00892191 -0.00867397 -0.00836863 -0.00813597 -0.00801912 -0.00795279 -0.00786329 -0.00776739 -0.00767681 -0.00756141 -0.00739319 -0.00722138 -0.00710054 -0.00691466 -0.00673956 -0.00660363 -0.00646843 -0.00629133 -0.00612234 -0.00599815 -0.00588517 -0.00577397 -0.00566202 -0.00552297 -0.00538718 -0.00528762 -0.00516912 -0.00503972 -0.00493754 -0.00482598 -0.00472528 -0.00459899 -0.00447044 -0.00437886 -0.00427418 -0.00413854 -0.00402307 -0.00392349 -0.00384329 -0.00374736 -0.00361444 -0.00350102 -0.0034064 -0.00331868 -0.00320947 -0.00309406 -0.00296844 -0.00285057 -0.00271264 -0.00258069 -0.00247626 -0.00232986 -0.00219829 -0.00209819 -0.00194304 -0.00182249 -0.00171945 -0.00163427 -0.00153035 -0.00140018 -0.00126898 -0.00116712 -0.0010405 -0.000893106 -0.000781406 -0.000669341 -0.000555813 -0.000456148 -0.00036267 -0.000249948 -0.000103302 2.91241e-05 
-0.00327158 -0.00909343 -0.0098488 -0.00947013 -0.00961433 -0.00963915 -0.00946042 -0.00921957 -0.00889319 -0.00862916 -0.00832003 -0.00812419 -0.00801469 -0.00793369 -0.00784134 -0.00774628 -0.00764714 -0.00753613 -0.00738981 -0.00721612 -0.00707817 -0.00689849 -0.00673417 -0.00659026 -0.00644925 -0.00629865 -0.00613385 -0.00598936 -0.00585977 -0.00576172 -0.00566145 -0.00553963 -0.00538912 -0.00527225 -0.00517856 -0.00506348 -0.00494519 -0.00482304 -0.00473089 -0.00460849 -0.0044822 -0.00438592 -0.00429038 -0.00416316 -0.00404589 -0.00393536 -0.00384865 -0.00376148 -0.00363777 -0.00351745 -0.00340762 -0.00333043 -0.00322384 -0.00309536 -0.00295802 -0.00284765 -0.00272449 -0.0025793 -0.00246515 -0.00233957 -0.00220658 -0.00209232 -0.00195078 -0.00183506 -0.00171531 -0.00161839 -0.00152346 -0.00140769 -0.00126872 -0.00114948 -0.00103997 -0.00089489 -0.000771383 -0.000651751 -0.000547075 -0.000442184 -0.00032979 -0.000224979 -0.000121186 6.62873e-06 
-0.00249661 -0.0086826 -0.00997808 -0.0095983 -0.00957726 -0.00957708 -0.00942734 -0.00923466 -0.00892782 -0.00861065 -0.00828428 -0.00811845 -0.00800268 -0.00790057 -0.00782686 -0.00775717 -0.00763417 -0.00749914 -0.00737586 -0.00720718 -0.00703631 -0.00688169 -0.00676224 -0.00658769 -0.00640844 -0.00627022 -0.00613809 -0.00600001 -0.00587469 -0.00575073 -0.00563926 -0.00553825 -0.0054074 -0.00527613 -0.005163 -0.00505812 -0.00495808 -0.00483085 -0.0047191 -0.00462251 -0.00452301 -0.00440002 -0.00426729 -0.00416267 -0.00407684 -0.00396457 -0.0038518 -0.00374401 -0.00363351 -0.00353681 -0.00341946 -0.00331345 -0.0032113 -0.00310222 -0.00295818 -0.00283409 -0.00272364 -0.00258315 -0.00245302 -0.00233347 -0.00220498 -0.0020645 -0.00192478 -0.00183636 -0.00172067 -0.00159993 -0.00149879 -0.00140415 -0.00127188 -0.00114117 -0.00101993 -0.000891535 -0.00077893 -0.000670666 -0.00055324 -0.00044036 -0.000332498 -0.000231528 -0.000130717 -1.17074e-05 
-0.00305654 -0.00879669 -0.0098789 -0.00955385 -0.00958891 -0.00959137 -0.00943721 -0.00922053 -0.00887044 -0.00856087 -0.00826391 -0.00810589 -0.00798492 -0.00788326 -0.00781583 -0.00774535 -0.00761909 -0.00748076 -0.00735127 -0.00719421 -0.00704554 -0.00689086 -0.00675247 -0.0065795 -0.006407 -0.00625927 -0.00611447 -0.00600105 -0.00588785 -0.00574607 -0.00562269 -0.00551797 -0.00540399 -0.00529781 -0.00517679 -0.00504796 -0.00496871 -0.0048524 -0.00472829 -0.00462864 -0.00453867 -0.00441638 -0.00428789 -0.00417999 -0.00409317 -0.00399119 -0.0038786 -0.00376008 -0.00364004 -0.00354734 -0.00344183 -0.00332633 -0.00320044 -0.00310074 -0.00296722 -0.00282869 -0.00270878 -0.00258082 -0.00246336 -0.00233388 -0.00219838 -0.00207913 -0.00194022 -0.00183529 -0.00172477 -0.00160291 -0.0014843 -0.0013706 -0.00126508 -0.00114484 -0.00100671 -0.000871076 -0.000774187 -0.000642767 -0.00051703 -0.000422961 -0.000324522 -0.000225102 -0.000121469 3.475e-06 
-0.00328259 -0.00881783 -0.00973888 -0.00949034 -0.00954206 -0.00957085 -0.00944833 -0.00921414 -0.00886731 -0.00860584 -0.00830096 -0.00807027 -0.00795989 -0.00789714 -0.00780924 -0.00771316 -0.00762329 -0.00750332 -0.00734032 -0.00717458 -0.0070591 -0.00687621 -0.00670311 -0.00657305 -0.00643875 -0.00626452 -0.00609935 -0.00597583 -0.00586185 -0.00575269 -0.00564476 -0.00551023 -0.00538086 -0.00528747 -0.00517356 -0.00505199 -0.00495765 -0.00485537 -0.00476122 -0.00464217 -0.00452054 -0.00443311 -0.00432733 -0.00419255 -0.00407944 -0.00397912 -0.00389808 -0.00379547 -0.00364869 -0.00352545 -0.00341836 -0.00332036 -0.00320741 -0.00308994 -0.00296203 -0.00284366 -0.00270629 -0.0025727 -0.0024653 -0.00231674 -0.00218453 -0.00208241 -0.00192535 -0.00180335 -0.00169471 -0.00160149 -0.00149489 -0.00136521 -0.00123181 -0.00113095 -0.00100811 -0.000864537 -0.000751823 -0.000641777 -0.000534487 -0.000437739 -0.000346832 -0.000239211 -9.84892e-05 2.77541e-05 
-0.00340507 -0.00885355 -0.00962487 -0.00942033 -0.00958549 -0.00960079 -0.00943114 -0.00920147 -0.00886145 -0.00857864 -0.00826277 -0.00806984 -0.00796372 -0.00789207 -0.00780844 -0.00771576 -0.00762187 -0.0075107 -0.00736489 -0.00718975 -0.00705196 -0.00687503 -0.00670845 -0.0065673 -0.00642557 -0.00627547 -0.00611174 -0.00596545 -0.00583364 -0.00573716 -0.00563784 -0.00551917 -0.00537651 -0.0052671 -0.00517769 -0.00507233 -0.00496613 -0.00485517 -0.00477008 -0.00465488 -0.00453387 -0.00444045 -0.00434405 -0.00421854 -0.00410319 -0.00399138 -0.00390315 -0.0038092 -0.00367301 -0.00354466 -0.00342542 -0.00333557 -0.00322313 -0.00309442 -0.00295021 -0.00284079 -0.00271971 -0.00257175 -0.00245585 -0.00232782 -0.00219253 -0.00207619 -0.00193203 -0.00181426 -0.00168951 -0.0015855 -0.00148722 -0.00136837 -0.00122949 -0.00110959 -0.00100237 -0.000865624 -0.000738122 -0.00062192 -0.000526982 -0.000422565 -0.000314817 -0.000216336 -0.000116325 7.21186e-06 
-0.00342658 -0.00880652 -0.00970843 -0.00951086 -0.00959291 -0.00961433 -0.00948011 -0.00927434 -0.00894452 -0.00861202 -0.0082522 -0.00807678 -0.00796564 -0.00787208 -0.00781076 -0.00774203 -0.00762639 -0.00749577 -0.00737545 -0.00719998 -0.00702645 -0.00686614 -0.0067409 -0.00656801 -0.00638695 -0.00624863 -0.00611611 -0.00597427 -0.00584778 -0.00572418 -0.0056133 -0.00551325 -0.00538951 -0.00526507 -0.00515964 -0.00506813 -0.00497839 -0.00486124 -0.00475584 -0.00466555 -0.00456859 -0.00444879 -0.00431702 -0.00421365 -0.00412853 -0.00401687 -0.00390197 -0.00378657 -0.0036677 -0.00356635 -0.00344151 -0.00332486 -0.00321523 -0.00310421 -0.00295212 -0.00282623 -0.00271614 -0.00256944 -0.00243842 -0.00231465 -0.00218065 -0.00204095 -0.00189961 -0.00181002 -0.00169273 -0.00156941 -0.0014671 -0.00136919 -0.00123756 -0.00110505 -0.000985427 -0.00086109 -0.000748471 -0.000643609 -0.000533523 -0.000424312 -0.000319101 -0.000223857 -0.000127545 -1.23479e-05 
-0.00305256 -0.00854731 -0.00964768 -0.00955799 -0.0096668 -0.00967607 -0.00953314 -0.00929116 -0.00892117 -0.00859397 -0.00826408 -0.00808909 -0.00796979 -0.00787011 -0.00781066 -0.00774963 -0.00763488 -0.00750366 -0.00737257 -0.00720524 -0.00704712 -0.00688163 -0.00673577 -0.00656146 -0.00638911 -0.0062405 -0.00609527 -0.00597867 -0.00586482 -0.00572071 -0.00559512 -0.00549333 -0.00538498 -0.00528547 -0.00517584 -0.00506155 -0.00498911 -0.00487902 -0.00476163 -0.00466456 -0.00457579 -0.00445478 -0.00433058 -0.00422494 -0.00413869 -0.00403618 -0.00391998 -0.00379732 -0.00367041 -0.00357499 -0.00346755 -0.00334748 -0.00321596 -0.00311163 -0.0029673 -0.00282267 -0.00269638 -0.00256078 -0.00244065 -0.00230517 -0.00216365 -0.00204547 -0.00190867 -0.00180377 -0.00169491 -0.0015768 -0.00145915 -0.00134535 -0.00124081 -0.00112228 -0.000986724 -0.000854645 -0.000761668 -0.000632965 -0.000508528 -0.000415761 -0.000318432 -0.000220577 -0.000117432 6.26582e-06 
-0.00335585 -0.00890937 -0.00975739 -0.00954104 -0.00964073 -0.00969406 -0.00956966 -0.00931363 -0.00895271 -0.00867499 -0.00834819 -0.00809423 -0.0079749 -0.0079012 -0.00781618 -0.00772785 -0.00764982 -0.00753284 -0.00736184 -0.00718721 -0.00706066 -0.00686743 -0.00668917 -0.00655785 -0.00642413 -0.00625139 -0.00608507 -0.00596089 -0.00584715 -0.00573578 -0.00562571 -0.00549542 -0.0053709 -0.00528473 -0.00518404 -0.00507188 -0.00498095 -0.00488148 -0.0047895 -0.004672 -0.00455177 -0.0044651 -0.00436419 -0.00423168 -0.00411814 -0.00401658 -0.00393118 -0.00382691 -0.00367949 -0.00355302 -0.00344516 -0.00334532 -0.00322583 -0.0031012 -0.00296299 -0.00283353 -0.00268287 -0.00253774 -0.00242527 -0.00227149 -0.00213607 -0.00203776 -0.00188521 -0.0017667 -0.00166347 -0.00157742 -0.00147351 -0.00134549 -0.00121784 -0.00112279 -0.00100381 -0.000864805 -0.000758774 -0.000650244 -0.000537904 -0.00043923 -0.000346761 -0.000236764 -9.68356e-05 2.69874e-05 
-0.00327177 -0.00911682 -0.00989216 -0.00952654 -0.00969436 -0.00973364 -0.00956409 -0.00932557 -0.00897858 -0.00869412 -0.00836495 -0.00815395 -0.00802265 -0.00792975 -0.00783836 -0.00774076 -0.00764068 -0.00753034 -0.0073809 -0.00719947 -0.007056 -0.00687086 -0.00669934 -0.00655477 -0.00641692 -0.00627182 -0.00610842 -0.00596189 -0.00583054 -0.00573392 -0.00563513 -0.00551843 -0.00537897 -0.00527508 -0.00519609 -0.00509515 -0.00498895 -0.00487949 -0.00479479 -0.00468048 -0.00456266 -0.00447151 -0.00437898 -0.00425367 -0.00413642 -0.00402204 -0.00393064 -0.00383519 -0.00369641 -0.00356234 -0.00343795 -0.00334964 -0.003232 -0.00309182 -0.00294124 -0.00281873 -0.00268369 -0.0025261 -0.00240229 -0.00226999 -0.00213797 -0.00202574 -0.00188716 -0.00177509 -0.00165753 -0.00156023 -0.0014665 -0.0013524 -0.00121952 -0.00110879 -0.00100693 -0.000870708 -0.000753739 -0.000637701 -0.000534137 -0.000429351 -0.000317586 -0.000214605 -0.000115339 6.20014e-06 
-0.00250619 -0.00872307 -0.0100376 -0.00967711 -0.00969037 -0.00970584 -0.00958122 -0.00939327 -0.00908759 -0.0087578 -0.00840268 -0.00820591 -0.00806131 -0.00793778 -0.00786701 -0.00778543 -0.00764939 -0.00750573 -0.00738429 -0.00720934 -0.00703158 -0.00687151 -0.0067436 -0.00656684 -0.00639088 -0.00625958 -0.0061291 -0.00598885 -0.00585734 -0.00573145 -0.00562242 -0.00552604 -0.00540593 -0.00528647 -0.00518463 -0.00509149 -0.00500207 -0.00488597 -0.00478223 -0.00469227 -0.00459943 -0.00448288 -0.00435389 -0.0042489 -0.00416091 -0.00404526 -0.00392616 -0.00380686 -0.00368109 -0.0035714 -0.0034388 -0.00332148 -0.003209 -0.00308851 -0.00293198 -0.00279601 -0.00267404 -0.0025232 -0.00238187 -0.00225788 -0.0021339 -0.00199565 -0.00186028 -0.00177672 -0.0016626 -0.00154318 -0.00144281 -0.00135059 -0.00122655 -0.00110447 -0.000992052 -0.000872788 -0.000765254 -0.000660432 -0.000545216 -0.000432494 -0.000324439 -0.000223719 -0.000125653 -1.23779e-05 
-0.00304 -0.00883661 -0.00995284 -0.00965122 -0.00970492 -0.00971573 -0.00959325 -0.00938453 -0.0090702 -0.00876982 -0.00845067 -0.00826863 -0.00811874 -0.0079794 -0.00789538 -0.00780688 -0.00766464 -0.00750997 -0.00737447 -0.00721257 -0.00705597 -0.00689657 -0.00675395 -0.00658161 -0.00640813 -0.00626189 -0.0061171 -0.00600373 -0.00588657 -0.00574217 -0.00561786 -0.00551976 -0.00541462 -0.00531547 -0.00520248 -0.00508397 -0.00501136 -0.00490339 -0.00478831 -0.00469579 -0.00461176 -0.00449498 -0.00437092 -0.00426261 -0.00417298 -0.00406553 -0.00394334 -0.00381397 -0.00367959 -0.00357415 -0.00345378 -0.00332544 -0.00318758 -0.00307821 -0.00293342 -0.00278206 -0.00265108 -0.00251323 -0.00238842 -0.00225662 -0.00212387 -0.00200832 -0.00187686 -0.00177818 -0.00167005 -0.00155046 -0.00143245 -0.00132184 -0.00122387 -0.00111185 -0.000983471 -0.000857756 -0.000765272 -0.000637117 -0.000513055 -0.00041898 -0.000320373 -0.000220403 -0.000118616 1.51995e-06 
-0.00327294 -0.00886515 -0.00981825 -0.00958517 -0.00964935 -0.00969122 -0.00958534 -0.00936651 -0.00905548 -0.00883156 -0.00851764 -0.00828019 -0.00815683 -0.00804746 -0.00792328 -0.00779935 -0.00769697 -0.00755467 -0.00737802 -0.00720595 -0.00708679 -0.00690016 -0.00672343 -0.00659713 -0.00645833 -0.00628402 -0.00611806 -0.00599114 -0.0058725 -0.00576109 -0.00565359 -0.00552638 -0.00540531 -0.00531723 -0.00521103 -0.00509406 -0.00500175 -0.00490423 -0.00481686 -0.00470592 -0.00459184 -0.00450787 -0.00440516 -0.00426849 -0.0041525 -0.00404459 -0.00395407 -0.00384116 -0.00367794 -0.00354023 -0.00341897 -0.00330981 -0.00318733 -0.00306137 -0.00292247 -0.00279356 -0.00264572 -0.00250185 -0.00239135 -0.00224195 -0.00211153 -0.00201533 -0.00186708 -0.00175108 -0.00164566 -0.00155582 -0.00145131 -0.001325 -0.00119735 -0.00110399 -0.00099022 -0.000854629 -0.000746362 -0.000639764 -0.000533892 -0.000437674 -0.000346849 -0.000239038 -9.83979e-05 2.75951e-05 
-0.00339524 -0.00888602 -0.00968534 -0.00948368 -0.00964391 -0.00966136 -0.00950402 -0.00931284 -0.00901886 -0.00879347 -0.0085119 -0.00831286 -0.00820519 -0.00809442 -0.00797057 -0.00783997 -0.00771854 -0.00758614 -0.00742241 -0.00723636 -0.00709733 -0.00692181 -0.00675178 -0.00661191 -0.00646633 -0.00631753 -0.00614832 -0.00599035 -0.00585132 -0.00575515 -0.00566065 -0.00554879 -0.00541438 -0.00531153 -0.00522786 -0.00512184 -0.00501668 -0.00490576 -0.00482302 -0.00471462 -0.00460006 -0.00451059 -0.00441588 -0.0042879 -0.00416847 -0.0040486 -0.00395168 -0.00384699 -0.00369454 -0.00355222 -0.00342093 -0.00332113 -0.00319975 -0.00306172 -0.00290624 -0.00278847 -0.00265811 -0.00250324 -0.00238664 -0.00225772 -0.0021259 -0.00201607 -0.00188218 -0.00176969 -0.00165055 -0.0015505 -0.00145546 -0.00133882 -0.00120334 -0.00108821 -0.000988555 -0.000857603 -0.000734879 -0.00062196 -0.00052835 -0.000425414 -0.00031845 -0.000220997 -0.000118977 8.5337e-06 
-0.00341661 -0.00882461 -0.00974188 -0.0095349 -0.0095924 -0.00959158 -0.00945371 -0.00928982 -0.00902319 -0.00875346 -0.00848505 -0.0083238 -0.00821483 -0.00809724 -0.00801295 -0.00790553 -0.00774774 -0.00758395 -0.00745348 -0.00727223 -0.00709364 -0.00693272 -0.00680161 -0.00662781 -0.00644441 -0.00630841 -0.00616669 -0.00601276 -0.00587364 -0.00574967 -0.00564607 -0.0055552 -0.00544196 -0.00532479 -0.00522031 -0.00512408 -0.00503414 -0.00491421 -0.00480758 -0.0047211 -0.00462974 -0.00451332 -0.00438204 -0.00427403 -0.00418304 -0.0040649 -0.00394085 -0.00381382 -0.00368002 -0.00356764 -0.00343085 -0.00330497 -0.00318778 -0.00306846 -0.0029054 -0.00277098 -0.00265489 -0.00250598 -0.00237384 -0.00225271 -0.00212601 -0.00199342 -0.00186194 -0.00177921 -0.00166704 -0.00154619 -0.00144529 -0.00134987 -0.00122125 -0.00109197 -0.000975149 -0.000855227 -0.000746251 -0.000643693 -0.000536438 -0.000429793 -0.000326228 -0.000231138 -0.000131347 -1.11133e-05 
-0.00305473 -0.0085462 -0.00964635 -0.00954308 -0.00961529 -0.00959107 -0.00943416 -0.00922705 -0.00891252 -0.00866292 -0.00844239 -0.00832822 -0.00821876 -0.0081196 -0.00804604 -0.00794376 -0.00778869 -0.00762049 -0.00747512 -0.00729935 -0.00713299 -0.00696433 -0.0068174 -0.00664341 -0.00646735 -0.00631027 -0.00614952 -0.00602389 -0.00590102 -0.00575687 -0.00563784 -0.00554758 -0.00545172 -0.00535829 -0.00524713 -0.00512772 -0.00505184 -0.00493444 -0.00481348 -0.004717 -0.00463023 -0.00451062 -0.0043875 -0.00427656 -0.00418376 -0.00407338 -0.00394663 -0.00381425 -0.00367598 -0.00357053 -0.00345268 -0.00332373 -0.00318401 -0.00307313 -0.0029192 -0.0027656 -0.00263701 -0.00250188 -0.00238185 -0.00225267 -0.00212033 -0.00200681 -0.00187868 -0.00178185 -0.00168074 -0.00156633 -0.00145022 -0.00133853 -0.00123616 -0.00111842 -0.000982062 -0.0008504 -0.000759634 -0.000633665 -0.000512603 -0.000423504 -0.000328728 -0.000230839 -0.000124871 2.65898e-06 
-0.00335633 -0.00888378 -0.00973879 -0.00950464 -0.00954326 -0.00954 -0.00938283 -0.00914144 -0.00884657 -0.00864317 -0.00842958 -0.00827998 -0.00820779 -0.00815647 -0.00805348 -0.0079308 -0.00782391 -0.00767669 -0.00748388 -0.00729916 -0.00716503 -0.00696801 -0.00678846 -0.00665921 -0.006518 -0.0063298 -0.00614643 -0.00601233 -0.00589176 -0.00578281 -0.00567905 -0.00556023 -0.00544721 -0.00536506 -0.00526446 -0.00514649 -0.00504662 -0.00493759 -0.00484153 -0.00472117 -0.00459954 -0.00451079 -0.00441024 -0.00427098 -0.0041508 -0.00403999 -0.00394475 -0.0038331 -0.00367618 -0.0035404 -0.00342325 -0.00331627 -0.00318971 -0.00305889 -0.00291224 -0.00277821 -0.00262798 -0.00248446 -0.00237573 -0.00223019 -0.00210368 -0.00201015 -0.00186754 -0.00175659 -0.00165859 -0.00157705 -0.00147667 -0.00135176 -0.00122583 -0.00112972 -0.00100875 -0.000865954 -0.000757647 -0.000651001 -0.000541875 -0.000446841 -0.000358609 -0.000249886 -0.000103969 2.96341e-05 
-0.00329741 -0.00910251 -0.00986851 -0.00950967 -0.00961009 -0.00957239 -0.00934495 -0.00908981 -0.00880287 -0.00858282 -0.00835298 -0.00823558 -0.0081885 -0.0081461 -0.00804881 -0.00793622 -0.00782254 -0.00768595 -0.00751728 -0.00732341 -0.00717717 -0.00699002 -0.00681438 -0.00666942 -0.00652331 -0.00636526 -0.00618779 -0.00602771 -0.00588682 -0.00579691 -0.00570415 -0.00559609 -0.00546215 -0.00536023 -0.00528242 -0.00517414 -0.00505624 -0.00493615 -0.00484225 -0.0047213 -0.00459977 -0.00450527 -0.00441043 -0.00427794 -0.00415431 -0.00403165 -0.00393165 -0.00382945 -0.00368175 -0.00354066 -0.00341045 -0.00331635 -0.00319247 -0.00304526 -0.00288868 -0.00276621 -0.00263118 -0.00247783 -0.00236062 -0.00223562 -0.00211076 -0.00200518 -0.00187612 -0.00176995 -0.00165748 -0.00156617 -0.00147963 -0.00136976 -0.00123817 -0.00112544 -0.00102145 -0.000880442 -0.000757538 -0.000640379 -0.000540582 -0.000439065 -0.000330964 -0.000229835 -0.000123384 8.89279e-06 
-0.00267218 -0.00877837 -0.0100363 -0.00968683 -0.00965096 -0.00960482 -0.00938479 -0.00913711 -0.00884719 -0.00858432 -0.00831077 -0.00820754 -0.00816612 -0.00811405 -0.00804607 -0.0079609 -0.00781798 -0.00765576 -0.00752294 -0.00733752 -0.00715986 -0.00699945 -0.00686645 -0.00669003 -0.00650835 -0.00636879 -0.00622922 -0.00607367 -0.00592962 -0.00580496 -0.00570168 -0.00561285 -0.00549531 -0.00537695 -0.00527219 -0.00516994 -0.00507098 -0.00494065 -0.00482316 -0.00472463 -0.00462882 -0.00450632 -0.00437086 -0.00425597 -0.00416025 -0.00403798 -0.00391295 -0.0037883 -0.00365392 -0.00353956 -0.00340245 -0.00328158 -0.00316516 -0.00303895 -0.00287981 -0.00274612 -0.00262559 -0.00247999 -0.00234545 -0.00222665 -0.00210783 -0.0019781 -0.00185078 -0.00177114 -0.00166411 -0.00155273 -0.00146176 -0.00137644 -0.0012552 -0.00113284 -0.00101678 -0.000890098 -0.000775977 -0.000665878 -0.000552226 -0.000442341 -0.000336281 -0.000237111 -0.000134684 -1.26681e-05 
-0.00300841 -0.00885028 -0.00997411 -0.00973295 -0.00975139 -0.00969321 -0.00947292 -0.00921094 -0.0088363 -0.00854718 -0.00828431 -0.00818673 -0.00813769 -0.00809073 -0.00803636 -0.00795812 -0.00780948 -0.00764916 -0.00751165 -0.0073422 -0.00718406 -0.00702889 -0.00688758 -0.00671729 -0.00654182 -0.00638581 -0.00623035 -0.00610793 -0.00598398 -0.00583609 -0.00570998 -0.00561373 -0.00550952 -0.00541035 -0.00529054 -0.00516149 -0.00507922 -0.00495424 -0.0048235 -0.00471961 -0.00462819 -0.00450275 -0.00437274 -0.00425531 -0.00415837 -0.00404249 -0.00391401 -0.00378095 -0.00364284 -0.00353398 -0.00340973 -0.00327874 -0.00313802 -0.00302723 -0.00288513 -0.00273593 -0.00260921 -0.00247695 -0.00235651 -0.00222751 -0.00209943 -0.00199016 -0.0018636 -0.00176895 -0.00166902 -0.00156024 -0.00145396 -0.00135345 -0.00126178 -0.00115033 -0.00101555 -0.000881939 -0.000783215 -0.000648671 -0.000522024 -0.000429224 -0.000332169 -0.00023293 -0.000125289 2.92766e-06 
-0.00332139 -0.00908743 -0.00996096 -0.00970048 -0.00973906 -0.00973362 -0.009559 -0.00927997 -0.00889012 -0.00861361 -0.00833505 -0.00816117 -0.00810629 -0.00808443 -0.00801641 -0.00792158 -0.00781234 -0.00767774 -0.0075017 -0.00732747 -0.00720872 -0.00703137 -0.00686365 -0.00674333 -0.00660599 -0.00642727 -0.00625088 -0.00611718 -0.00599277 -0.00587506 -0.00575911 -0.00562668 -0.00550342 -0.00541169 -0.00529799 -0.00516941 -0.00506316 -0.00494795 -0.00484758 -0.00472326 -0.00459651 -0.00450204 -0.00439397 -0.00424672 -0.00412169 -0.00400635 -0.00390981 -0.00379471 -0.00363045 -0.00349095 -0.00336792 -0.00325812 -0.0031348 -0.00301169 -0.00287689 -0.00275281 -0.00261095 -0.00247112 -0.00236485 -0.00221804 -0.00208874 -0.00199651 -0.00185234 -0.00173955 -0.00164312 -0.00156281 -0.00146982 -0.00135629 -0.0012388 -0.00114747 -0.00102957 -0.000886392 -0.000772464 -0.000658368 -0.000546117 -0.00044781 -0.000357345 -0.000247295 -0.000101612 2.90424e-05 
-0.00322426 -0.00909586 -0.0099649 -0.00961863 -0.00974975 -0.00976848 -0.00957329 -0.00929906 -0.00890421 -0.00859856 -0.00829539 -0.00814836 -0.00808299 -0.00805285 -0.00799059 -0.00790515 -0.00780056 -0.00767732 -0.00751847 -0.00734283 -0.00721531 -0.00705226 -0.00689534 -0.00676382 -0.00662218 -0.00647526 -0.00630001 -0.00613292 -0.00598777 -0.0058848 -0.00577849 -0.00565932 -0.00551373 -0.00540242 -0.00531261 -0.00519325 -0.00506919 -0.00494126 -0.00484375 -0.00472021 -0.00459359 -0.00449585 -0.00439263 -0.00425294 -0.00412449 -0.00399891 -0.00389717 -0.00379125 -0.00363796 -0.00349691 -0.00336915 -0.00326916 -0.00315045 -0.00301844 -0.00286752 -0.00275664 -0.00263264 -0.00248241 -0.00237001 -0.00224261 -0.00211009 -0.0020009 -0.00186894 -0.00175834 -0.00164564 -0.0015549 -0.00147113 -0.00136793 -0.00124261 -0.00113288 -0.0010319 -0.000893895 -0.000765677 -0.000645214 -0.000545482 -0.000437981 -0.000326805 -0.000224893 -0.000122564 4.79991e-06 
-0.002745 -0.00872435 -0.00996399 -0.00964736 -0.0096529 -0.00966273 -0.00955968 -0.00936278 -0.00900382 -0.0086446 -0.00827136 -0.00812039 -0.00806143 -0.00801821 -0.00797154 -0.00791218 -0.00779527 -0.00765797 -0.00753085 -0.00736945 -0.0072093 -0.00706653 -0.00694701 -0.00678331 -0.00660818 -0.00647496 -0.00632954 -0.00617013 -0.00602163 -0.00588693 -0.00576929 -0.00566972 -0.00554341 -0.00541517 -0.00529901 -0.00518514 -0.00507887 -0.00493879 -0.00481546 -0.00471503 -0.00461606 -0.00449012 -0.00434822 -0.00422785 -0.00412818 -0.00400388 -0.00387779 -0.00375282 -0.00361933 -0.00351136 -0.00337873 -0.00325605 -0.00314494 -0.00303122 -0.00287548 -0.00274794 -0.00263996 -0.00249858 -0.00237065 -0.0022522 -0.00212739 -0.00199186 -0.00185895 -0.00177572 -0.00166383 -0.00154973 -0.00145892 -0.00137498 -0.00125594 -0.00113404 -0.00101984 -0.000895809 -0.000780708 -0.000673131 -0.000559114 -0.000445328 -0.000336849 -0.000235479 -0.00013339 -1.16856e-05 
-0.00306268 -0.00869314 -0.00972733 -0.00949207 -0.00955422 -0.00958157 -0.0094877 -0.00926764 -0.008912 -0.00858783 -0.00825623 -0.00810653 -0.00803575 -0.00798722 -0.00794713 -0.00790284 -0.00779338 -0.00766256 -0.00754154 -0.00739051 -0.00724473 -0.00709851 -0.00696795 -0.00680649 -0.00663774 -0.00647949 -0.00631177 -0.00618494 -0.00605432 -0.00589893 -0.00576761 -0.00566577 -0.00555492 -0.0054496 -0.00531779 -0.00517559 -0.00508375 -0.00494539 -0.00480654 -0.00469885 -0.00460413 -0.00447441 -0.00434324 -0.00422258 -0.00412124 -0.00400387 -0.00387656 -0.00374683 -0.00361421 -0.00351503 -0.00340243 -0.00328213 -0.00315109 -0.00304616 -0.0029006 -0.0027544 -0.00263354 -0.00250784 -0.00239061 -0.00226805 -0.00213921 -0.00202107 -0.00188724 -0.0017888 -0.00168501 -0.00157371 -0.00146404 -0.0013593 -0.00126482 -0.00115272 -0.00101889 -0.000889557 -0.000795163 -0.000664184 -0.000537418 -0.00044156 -0.000339878 -0.000234568 -0.000129077 -3.99901e-06 
-0.00338947 -0.00892235 -0.00956664 -0.00927896 -0.00939939 -0.0094695 -0.00940769 -0.00918459 -0.00884724 -0.00859806 -0.00830972 -0.0081004 -0.00802331 -0.00799043 -0.00793683 -0.00787102 -0.00780222 -0.00769926 -0.00754862 -0.00739546 -0.00727929 -0.00710467 -0.00694184 -0.00682124 -0.00668585 -0.00649454 -0.00630705 -0.00616747 -0.00603779 -0.00591871 -0.00580941 -0.00567829 -0.00554972 -0.00544951 -0.00532534 -0.00518244 -0.00506224 -0.00492935 -0.0048199 -0.00469047 -0.00455892 -0.00446039 -0.00435635 -0.00420775 -0.00407911 -0.00396345 -0.00386762 -0.00376112 -0.00361516 -0.00348908 -0.00338184 -0.00328674 -0.0031687 -0.00304313 -0.00290503 -0.00277661 -0.00263262 -0.0025007 -0.00239816 -0.0022605 -0.00213942 -0.00204098 -0.00189193 -0.00177578 -0.00167415 -0.00159177 -0.00149311 -0.00136923 -0.00124687 -0.00115161 -0.001034 -0.000894896 -0.000789656 -0.000681272 -0.000569693 -0.000470286 -0.0003762 -0.000259068 -0.000105674 3.07278e-05 
-0.00328182 -0.00896597 -0.00958446 -0.00915834 -0.00930829 -0.00937345 -0.00930362 -0.00912893 -0.00882575 -0.00858024 -0.00829196 -0.00813662 -0.0080637 -0.00801232 -0.00795344 -0.00787746 -0.00779573 -0.00770659 -0.00757848 -0.00741855 -0.00729132 -0.00712026 -0.00695781 -0.00681963 -0.00667621 -0.00651412 -0.00633462 -0.00616727 -0.00601665 -0.00591808 -0.00582296 -0.00570657 -0.00555534 -0.00543435 -0.00533519 -0.00519965 -0.00505314 -0.00490847 -0.00480156 -0.00466917 -0.00454125 -0.00444151 -0.00434336 -0.00420329 -0.00407539 -0.00395149 -0.00385133 -0.00375413 -0.00362027 -0.00349292 -0.00337894 -0.00329666 -0.00318128 -0.00303963 -0.00289076 -0.00277081 -0.00264031 -0.00249845 -0.0023928 -0.00227688 -0.00215498 -0.00204923 -0.00191605 -0.00180365 -0.00168676 -0.00159267 -0.00149904 -0.00138723 -0.00125028 -0.00113373 -0.00103167 -0.000896469 -0.00077862 -0.000666495 -0.000565654 -0.000461393 -0.000348373 -0.000241385 -0.000126732 1.12632e-05 
-0.00248908 -0.00851043 -0.00968371 -0.00927272 -0.009257 -0.00928805 -0.00923931 -0.00909266 -0.00884715 -0.0085765 -0.00830101 -0.00816791 -0.00809372 -0.00802787 -0.00798077 -0.00791648 -0.00780295 -0.00768584 -0.00758367 -0.00742689 -0.00727078 -0.00712244 -0.00699797 -0.00682547 -0.00664087 -0.0064925 -0.0063461 -0.00618457 -0.00604096 -0.0059151 -0.00580876 -0.00571139 -0.00557679 -0.00544116 -0.00531312 -0.00517582 -0.00504953 -0.00489562 -0.00476532 -0.00465552 -0.00455887 -0.00443294 -0.00429408 -0.00417224 -0.00407464 -0.00395194 -0.0038287 -0.00371314 -0.00359343 -0.00349267 -0.00337653 -0.00327025 -0.0031625 -0.00304278 -0.00288626 -0.00275261 -0.00263684 -0.00250237 -0.00238151 -0.00227386 -0.00215705 -0.00202856 -0.00189962 -0.00181672 -0.00170652 -0.00158543 -0.00148386 -0.00139015 -0.00125773 -0.00112612 -0.00101752 -0.000894326 -0.000785766 -0.000687544 -0.000576156 -0.00046456 -0.000350373 -0.000246238 -0.000139407 -1.63889e-05 
-0.00311627 -0.00866669 -0.0095952 -0.00920907 -0.00924082 -0.00928015 -0.00918098 -0.00897894 -0.00874755 -0.00852063 -0.00832512 -0.00821865 -0.00813988 -0.00806408 -0.00800726 -0.0079345 -0.00781564 -0.00768693 -0.0075789 -0.00743223 -0.00729298 -0.0071418 -0.00700236 -0.006829 -0.00665216 -0.0064857 -0.00632306 -0.00619318 -0.00607088 -0.00592661 -0.00580301 -0.00569714 -0.00557816 -0.00546486 -0.00531497 -0.0051478 -0.00504034 -0.00489456 -0.00474769 -0.00463647 -0.0045451 -0.00441716 -0.00428554 -0.00416539 -0.00406864 -0.00395176 -0.00382598 -0.00370139 -0.00357717 -0.00348165 -0.00337867 -0.00326342 -0.00313612 -0.00303335 -0.00288888 -0.00274114 -0.00262067 -0.00249909 -0.00239072 -0.00227536 -0.00215423 -0.00204538 -0.0019161 -0.00181892 -0.00171636 -0.00159622 -0.00147877 -0.00137131 -0.00125644 -0.00114687 -0.00101387 -0.000873565 -0.000788936 -0.000662646 -0.000547215 -0.000452643 -0.000347196 -0.000239668 -0.000128497 -5.78353e-07 
-0.0033092 -0.0087762 -0.00956061 -0.00920074 -0.00923617 -0.00924588 -0.00915249 -0.00896671 -0.00871017 -0.00850319 -0.00834197 -0.00822992 -0.00816741 -0.00811006 -0.00802541 -0.00792626 -0.0078364 -0.00772541 -0.00757442 -0.00741504 -0.00730959 -0.00713624 -0.0069649 -0.00683515 -0.00669337 -0.00650189 -0.00631628 -0.00618096 -0.00606053 -0.00594769 -0.00583393 -0.00569161 -0.00555404 -0.00544237 -0.00529508 -0.00513511 -0.00500728 -0.00486713 -0.00475603 -0.00463482 -0.00450687 -0.00441119 -0.00430306 -0.00415534 -0.00402888 -0.0039134 -0.00381712 -0.00370907 -0.00356177 -0.00343865 -0.00333563 -0.00323846 -0.00312538 -0.00300869 -0.00287412 -0.00275312 -0.00262412 -0.00249387 -0.00239792 -0.00226552 -0.0021459 -0.00205273 -0.00190711 -0.00179248 -0.00169084 -0.00160036 -0.00150561 -0.00137529 -0.00123468 -0.00114293 -0.00100795 -0.000862787 -0.000780792 -0.000667556 -0.000560898 -0.000471961 -0.000372959 -0.000252631 -0.000100145 2.9221e-05 
-0.00328185 -0.00892417 -0.00972009 -0.00930943 -0.00937463 -0.00930471 -0.00916528 -0.00895108 -0.00867765 -0.00844229 -0.00828524 -0.00822496 -0.00819042 -0.00813809 -0.0080524 -0.00795189 -0.00785079 -0.00773531 -0.00757915 -0.00741836 -0.00730593 -0.00713994 -0.00698227 -0.00684082 -0.0066907 -0.00652921 -0.00634829 -0.00618752 -0.00604519 -0.00594453 -0.00583297 -0.00570536 -0.00553974 -0.00540623 -0.00528824 -0.00513983 -0.00499316 -0.00484234 -0.00475154 -0.00463128 -0.004509 -0.00441019 -0.00430574 -0.00416342 -0.00403063 -0.00390188 -0.00380135 -0.0036994 -0.00355931 -0.00343556 -0.00332914 -0.00324284 -0.00313199 -0.0030042 -0.00285473 -0.00275972 -0.0026428 -0.00250773 -0.00240091 -0.00228614 -0.00215937 -0.0020497 -0.00191576 -0.00180558 -0.00168732 -0.00159324 -0.00150374 -0.00137427 -0.00123138 -0.00112331 -0.00101157 -0.00088431 -0.000784015 -0.000669631 -0.000557434 -0.000457077 -0.00033912 -0.000227314 -0.000124258 -1.20796e-06 
-0.00307885 -0.0088161 -0.00988919 -0.00953085 -0.00951889 -0.00942823 -0.00914824 -0.00884881 -0.00861686 -0.00838005 -0.00825332 -0.00821324 -0.00818963 -0.00813962 -0.00808163 -0.0080003 -0.0078599 -0.00771 -0.00758529 -0.00744982 -0.00730233 -0.00714484 -0.00702077 -0.00685178 -0.0066682 -0.00652016 -0.0063745 -0.00621753 -0.00607416 -0.0059315 -0.00581084 -0.00569285 -0.0055403 -0.00539081 -0.00524404 -0.00510637 -0.00497602 -0.00484696 -0.00473732 -0.00462941 -0.00453749 -0.00440698 -0.00426884 -0.00414181 -0.00403514 -0.0039049 -0.00377802 -0.00366336 -0.00353847 -0.00343978 -0.00332735 -0.00321962 -0.00311842 -0.00300811 -0.00286958 -0.0027632 -0.00265243 -0.00252602 -0.0024082 -0.00228773 -0.00215749 -0.00202852 -0.0018878 -0.00180243 -0.00169323 -0.00157593 -0.00147924 -0.00137605 -0.00126464 -0.00113959 -0.00101875 -0.000888422 -0.00077147 -0.000668337 -0.00058332 -0.000477297 -0.000364148 -0.000238456 -0.000129425 -1.1036e-05 
-0.0029728 -0.00874773 -0.00988862 -0.00968114 -0.00967504 -0.00951406 -0.00916082 -0.00880116 -0.00858118 -0.00833119 -0.00817075 -0.00816468 -0.00818399 -0.00815137 -0.00809975 -0.00801742 -0.00788082 -0.00772641 -0.00759162 -0.00745188 -0.00728786 -0.00714548 -0.00702455 -0.0068659 -0.00669551 -0.00653256 -0.00636367 -0.0062367 -0.00610114 -0.00593921 -0.00579497 -0.00567263 -0.00551569 -0.00538678 -0.00523605 -0.00507655 -0.00497449 -0.00486609 -0.00472516 -0.00461704 -0.00453371 -0.00439988 -0.00426891 -0.00414878 -0.00402818 -0.00390332 -0.00378338 -0.00365776 -0.00353255 -0.00343249 -0.00333588 -0.00323249 -0.00311491 -0.00302345 -0.00291086 -0.00276711 -0.00266029 -0.00254703 -0.00243413 -0.00229727 -0.00215978 -0.00204788 -0.00191267 -0.00179626 -0.00169351 -0.00158989 -0.00147709 -0.00136987 -0.00125847 -0.00112621 -0.00101477 -0.00090065 -0.000795007 -0.000682069 -0.00057797 -0.000478666 -0.000382501 -0.000244006 -0.000128811 -2.69208e-05 
-0.00339839 -0.0089245 -0.0100111 -0.00976237 -0.00974288 -0.00957088 -0.00921485 -0.00881719 -0.0085329 -0.00825971 -0.00811666 -0.00812945 -0.00816781 -0.00816701 -0.00810573 -0.00801459 -0.00790305 -0.00775429 -0.00758603 -0.00742978 -0.00728704 -0.00716303 -0.0070338 -0.00688822 -0.00674538 -0.00656559 -0.00636794 -0.00623359 -0.00610194 -0.00596475 -0.00582358 -0.00566394 -0.00548703 -0.00536168 -0.00521803 -0.0050763 -0.00496824 -0.0048619 -0.00474736 -0.00463758 -0.00453464 -0.00441637 -0.00428804 -0.00413887 -0.00399059 -0.00387394 -0.0037857 -0.00367418 -0.00353456 -0.00340571 -0.00331329 -0.00322833 -0.00311198 -0.00301632 -0.00292049 -0.0028027 -0.00269714 -0.00258419 -0.00245796 -0.00230047 -0.00216213 -0.00205336 -0.00190654 -0.00177438 -0.00167433 -0.00159754 -0.00149508 -0.00135967 -0.00122687 -0.00111249 -0.00101279 -0.000907674 -0.000803625 -0.000690386 -0.000592451 -0.000501045 -0.000415372 -0.000271737 -0.000100239 3.40234e-05 
-0.00331333 -0.00866561 -0.0097151 -0.00982153 -0.00984566 -0.00958587 -0.00923453 -0.00879783 -0.00844209 -0.00818827 -0.00809897 -0.0081127 -0.0081562 -0.00817386 -0.00813144 -0.00802673 -0.00790486 -0.00774683 -0.00757849 -0.00743814 -0.00729046 -0.00717961 -0.00702959 -0.00688587 -0.00673928 -0.006567 -0.00639972 -0.00625677 -0.00609296 -0.00597143 -0.005808 -0.00565556 -0.0054902 -0.00533929 -0.00520492 -0.0050761 -0.004965 -0.00485892 -0.00476354 -0.00464982 -0.00451643 -0.00441105 -0.00428241 -0.00414675 -0.00400327 -0.0038837 -0.00378212 -0.00367048 -0.00353605 -0.00341207 -0.00331848 -0.00323177 -0.00313678 -0.00301836 -0.00292552 -0.00281668 -0.00271666 -0.00258969 -0.00246463 -0.00231793 -0.00218953 -0.00204847 -0.00192394 -0.00179348 -0.00168864 -0.0015938 -0.00149141 -0.001355 -0.00122268 -0.00111559 -0.00101765 -0.000907677 -0.000788352 -0.000681562 -0.000596938 -0.000510961 -0.000398135 -0.00027248 -0.000132005 5.46992e-06 
-0.00441239 -0.0103463 -0.00945636 -0.00990484 -0.00996911 -0.0095466 -0.00929067 -0.00879761 -0.00833801 -0.00816435 -0.00808457 -0.00809498 -0.00816208 -0.00818284 -0.0081543 -0.00803592 -0.0079271 -0.00771575 -0.00756776 -0.00747978 -0.00725694 -0.00719185 -0.00703739 -0.00688414 -0.00673186 -0.00654706 -0.00643719 -0.00625332 -0.00608143 -0.00599685 -0.00577496 -0.00565211 -0.00551965 -0.00531534 -0.00519334 -0.00508662 -0.00495593 -0.00485968 -0.00477171 -0.00466106 -0.0044909 -0.00443172 -0.00426198 -0.00414866 -0.00402314 -0.00389073 -0.00377504 -0.00366282 -0.00353399 -0.00342613 -0.00331711 -0.00321906 -0.00316619 -0.00300858 -0.00294076 -0.0027963 -0.00273868 -0.00259451 -0.00244857 -0.00232642 -0.0022281 -0.00201175 -0.00193405 -0.0018117 -0.00169563 -0.0015869 -0.00148941 -0.0013504 -0.00123188 -0.00110885 -0.00102009 -0.000909504 -0.000779707 -0.000674546 -0.00059898 -0.000523612 -0.0003816 -0.000262847 -0.00016106 0. 
